0.73529643 0.58629239 -0.80686510 -0.18333226
-0.52406567 -0.32563728 0.66601676 0.58322918
0.03186191 -0.28969753 0.24549457 0.80234623
-0.73602509 -0.31641796 0.81903511 0.36233470
0.19653530 -0.25423172 0.32871047 0.02884649
-0.91955274 0.35211360 -0.10256825 -0.18175496
-0.65627253 -0.13382559 0.33603254 0.27620438
-0.45479256 -0.53747708 -0.51092869 0.37899455
0.89892495 0.12557797 -1.03854203 -0.06747165
-0.53111398 0.16818161 0.77100390 -0.88683075
0.12105440 -0.20945849 -0.73269463 0.53762072
-1.04972184 0.43530983 0.54834116 -0.40773937
0.20418002 -0.42938718 -0.11857426 0.50305885
0.67712176 0.52366799 -0.82045931 -0.75059581
0.83819616 0.42129675 -1.20404136 -0.71440428
0.22117910 0.51015753 0.55956197 -0.47447851
0.64300126 -0.54335946 -0.09856699 0.15114652
-0.90356678 0.35531843 0.33406284 0.49009269
-0.15060453 -0.23672384 -0.55800182 0.63045353
0.68856764 -0.24436790 0.00922939 -0.33674398
-0.84630054 -0.50518799 0.38641629 -0.00164933
-0.79462808 0.40112087 0.16438080 0.07400288
0.63105428 0.54813081 -0.87211597 -0.33914095
-0.66335720 0.30817902 0.99419296 0.05065449
0.30300349 0.24558002 0.51896286 -0.88824189
0.59973031 0.22612844 -0.49364385 0.65167254
0.66998690 0.11456285 -0.20175785 -0.44195232
0.34507808 0.47606921 0.48785439 -0.94352275
0.57461804 -0.51419806 -0.81684786 0.31758612
0.05077429 -0.11669841 0.11407106 -0.86973411
-0.94438297 0.21677765 0.22873789 -0.59422642
-0.29310513 -0.48616272 0.25307623 0.39473364
