0.32634631 -0.04174481 -0.08648993 0.00198738 -0.32476053 -0.27032760 0.12692225 0.02207121 -0.18327361 0.06670120 0.07877615 -0.22571290 0.15246555 -0.18056673 0.30709261 0.25938302 -0.23712175 0.17088740 0.36624351 0.31071559 -0.10231861 0.21076860 0.20637526 -0.20041405 -0.08217164 0.36324704 -0.12191170 0.38365853 -0.15032674 0.21082991 0.17335103 -0.29484984
-0.07752658 0.01989612 -0.21687810 0.22033665 -0.05736909 0.23736420 0.09390057 0.20727569 -0.07050044 0.16505089 0.38498917 0.03679296 -0.35219711 -0.01959303 -0.27851960 -0.10196037 0.16557330 0.04247261 0.00710978 -0.24408555 -0.08721454 -0.21812618 0.04705356 0.02329526 -0.13710091 0.43129486 -0.14516561 0.15740870 -0.08562790 0.20844018 0.28651991 0.28583923
-0.22648491 0.23232710 -0.10020399 -0.03912878 0.08629999 -0.13847309 -0.16637090 -0.21235347 0.00573240 0.16295621 -0.07819962 0.13236795 0.02592505 -0.17695712 -0.17936400 0.20314880 0.16779186 -0.03614358 0.11149626 -0.22712947 0.12811607 -0.12522769 -0.10794738 0.01851778 -0.31020698 -0.19586015 -0.03971541 0.07983386 -0.15401360 0.15257263 0.11296699 0.30784857
0.25222072 -0.51184738 0.90243655 0.38856599 0.81598580 -0.80947042 -0.81881022 0.82242411 -1.01901591 1.04062295 -0.94560391 0.72011578 0.52443630 -0.91125399 -1.21143949 0.82576180 0.37591925 -0.87217492 0.97264630 0.38679624 0.17585489 0.27952471 0.68859851 0.41821182 1.15553164 -1.17699337 0.77996480 0.56979084 -1.26258349 0.65588796 -0.52023625 1.05200732
0.35158291 -0.74216986 0.98448062 0.66820502 0.85881066 -0.41010749 -0.49291730 0.49944478 -0.97626442 1.16645241 -0.92716253 0.79900062 0.14903466 -1.05331421 -0.90236247 0.69262505 0.24181555 -0.98064214 0.82764852 0.79058295 0.46912476 0.88002777 0.24881867 0.72749043 0.81070536 -0.98096037 0.30985248 0.92787600 -0.60182273 0.62825471 -0.76043057 0.45410934
-0.12627394 -0.33300796 0.66661441 0.33948624 0.70746654 -0.41641793 -0.53785485 0.90572852 -0.20096861 1.21816015 -0.50502944 0.39964065 0.10974360 -0.72024626 -0.67958152 0.53615499 -0.15118310 -0.68395644 0.78674567 0.72560608 0.43649608 0.19580892 0.83270031 0.45992434 0.80742431 -1.12927079 0.15613003 0.75971633 -0.93364859 1.04871607 -0.27641225 0.65127963
0.69735324 -1.14332235 1.09874928 0.50192529 0.75890177 -1.29479682 -1.18729103 0.16600019 -1.26243544 0.40685713 -1.35960841 0.70357072 1.27978289 -0.89668459 -0.83895111 0.65612888 0.81442279 -0.58453923 0.56300008 0.04962241 0.54958856 1.11353672 0.28208071 0.78701925 0.91388905 -0.96530515 0.42605463 0.68580800 -0.94628853 0.54962367 -1.38448036 0.42871058
0.49891633 -0.77246112 0.80019790 0.39426279 0.63607770 -0.40303406 -0.40490264 0.94556975 -0.89672720 1.00078511 -0.79251915 0.64119828 0.39420995 -0.77214313 -1.17287362 0.64853388 0.04329039 -1.11985314 1.03344440 0.37029004 0.66763651 0.31753007 0.37830108 0.14886136 1.07023382 -1.16579151 0.50584263 1.06883419 -1.18283975 0.60077995 -0.59983754 0.53447908
0.48786831 -0.32672200 0.81755048 0.89197612 0.31882325 -0.78652126 -0.11400500 0.72104943 -0.63028145 1.06435108 -1.01717639 0.42071414 0.00188900 -0.54663843 -0.98342562 0.21675880 0.13732532 -1.23295033 0.83164734 0.51110697 0.26690802 0.73774564 0.94471502 0.71558440 0.91479635 -0.75569302 0.62815887 0.98753667 -0.95526141 0.62056488 -0.74538982 0.75089204
0.22706696 -0.12853917 0.02155643 0.06228903 0.21054505 0.26866025 0.22098465 -0.05871027 0.15923721 -0.11605491 0.03519921 -0.28030843 -0.07528690 -0.18241492 0.20881844 0.15801454 -0.07225642 -0.22233559 -0.02843746 0.22784470 -0.11122533 -0.02986709 0.17246820 -0.27742228 -0.04003978 0.17914425 0.11403146 -0.21858449 -0.11507963 -0.19744325 -0.10470162 0.27463743
0.01043861 0.20358886 -0.24606931 -0.14024505 -0.25625882 0.19174504 0.06409360 -0.00153775 0.27946937 -0.25564384 0.05295549 -0.26325214 0.09188727 -0.01319758 -0.07627114 -0.35364595 0.22135669 -0.10374471 -0.09464570 0.29219100 -0.18397570 0.19639023 0.16018796 0.12213676 -0.10268860 0.24308079 -0.34445444 -0.20872489 0.21678989 -0.06862088 0.30147323 -0.12091167
-0.07317495 0.30682436 -0.10276925 -0.36890924 -0.09492128 0.31673545 0.24531637 0.27600348 -0.22153245 0.10283189 0.38523111 -0.01011520 -0.04781047 -0.15790688 0.05416063 0.04890941 0.12605907 0.27475879 0.18817841 -0.06141520 -0.15864511 -0.08883172 0.11223034 -0.05212597 -0.36630416 0.09935854 -0.14873126 -0.06948029 0.22239423 0.08346002 0.11102019 -0.12580504
1.25357974 -1.17991114 -1.14161849 -1.06326807 1.24177730 -1.37937212 -1.10738993 -1.13454926 -0.75893092 -1.48247933 -0.83435553 1.15225399 1.25535953 1.81324708 1.33796000 1.11942005 1.37693846 1.53506839 -0.53687680 -1.24499726 1.48494411 0.56975812 -0.98785639 1.00958669 0.45730078 0.93479812 1.39459562 -1.22068107 1.64288461 -1.25229704 -1.33977246 -0.95433336
-1.55487192 1.73903465 -0.16062008 1.00394773 -1.15009069 1.51214731 1.49436474 1.25688922 1.40984035 1.47929502 1.01803720 -1.04287148 -1.59384143 -0.13045067 -0.89547092 -1.23312247 -1.31325293 -0.79426277 -1.00586152 0.86725652 -0.78706819 -1.06643569 0.56572789 -1.47362614 -0.42029837 -1.13481987 -0.83482468 1.13717067 -0.52017152 0.91919923 1.02224326 1.04847407
-0.73096669 0.48397216 -0.40160158 -0.03416399 -0.17308049 0.76985544 0.51254857 0.01777240 0.71735030 0.55104947 0.53745550 -0.69575435 -0.45942211 -0.13352832 -0.11718353 -0.59393680 -0.41716611 -0.65540552 -0.31016827 0.38913572 -0.28323549 -0.34776855 0.05504358 -0.30469987 -0.34578583 -0.46287504 0.03649835 0.03250813 -0.11536213 0.49688980 0.41062450 0.23744835
0.12403763 -0.14714928 -0.08746696 -0.05960563 -0.18473159 0.03969355 0.08882878 -0.07076743 0.43289158 -0.14882320 -0.10805027 0.21768208 0.00306781 -0.19162375 0.00935971 0.00049485 -0.20894180 0.18639009 0.00563734 0.05987301 0.13173167 -0.43980879 0.18747607 0.04683633 -0.33056653 -0.20062625 -0.01299890 -0.02207650 0.02256863 -0.15581678 0.07968940 -0.29082566
-0.18337731 -0.18034267 0.19071302 -0.11388464 0.16706206 0.18258899 0.09757260 -0.13106875 0.41045257 -0.22854958 -0.05879433 -0.20709929 -0.03629285 -0.17174450 -0.12362065 0.11455345 0.13467041 0.24172568 0.09203880 -0.07551837 -0.05508267 0.06266967 0.17151715 0.23678310 -0.08741717 -0.07268847 0.21932754 0.12559409 0.11161127 -0.19802858 0.31771123 -0.27574578
-0.02637205 0.33883139 0.17596062 0.13885459 0.23758921 -0.17194901 0.06216726 -0.13737457 -0.09396856 0.03223818 -0.06160327 -0.28682122 0.17410493 0.20936428 -0.30633554 -0.17631575 0.05286689 -0.28995472 -0.18200853 -0.10304259 -0.29541111 -0.06635829 -0.31613547 -0.32666507 0.02263034 -0.15818338 0.10750981 -0.05483462 -0.25869533 0.02949674 -0.14227061 -0.27653688
-0.27588937 0.24435678 0.27835441 0.15404001 -0.36396432 0.20777781 0.17185624 0.05373467 0.01949610 0.29522115 0.41295099 0.01913602 0.15249595 -0.14443469 0.18985534 -0.09627589 -0.21360257 -0.27620050 -0.15927418 -0.28215715 -0.22751939 -0.39172184 -0.27783549 0.24181002 -0.07907722 0.09270655 -0.09131540 -0.20630871 -0.02534842 -0.21418840 -0.13764304 0.00405634
-0.22387931 0.13625698 0.14631042 0.09461638 -0.02343497 0.02313696 0.06355229 -0.26221031 -0.12897877 0.15111592 0.29306242 0.30795890 0.02171569 0.25104657 -0.05601235 -0.32643762 0.22655663 0.06561054 -0.26339662 -0.16394715 0.17768967 -0.28585830 -0.32895580 0.05805198 0.01214498 0.25585204 -0.13581623 0.35063389 -0.07862722 0.05836701 0.38213992 0.07768038
0.06980751 -0.26986292 0.25391519 0.02910854 -0.14774223 0.15443736 -0.19411345 -0.15834354 0.14074175 0.03675348 -0.05745523 0.20596084 -0.17065820 0.00755345 -0.25716898 -0.18237099 -0.30425513 0.14593144 -0.20018665 -0.14490691 0.17357408 0.11497086 -0.28420821 -0.15470643 -0.22524534 0.04635674 0.24707249 -0.24975090 -0.18954945 -0.13555849 0.16150382 0.05177857
0.17481488 0.07395823 -0.24073900 0.27419490 -0.13380717 0.01394676 0.08316603 0.28768304 -0.09138360 0.14572535 0.30068868 -0.11332169 -0.40912437 0.03519787 0.10627682 -0.07465894 0.05351724 -0.05662324 0.07789888 0.40611976 -0.23340157 0.02349518 0.07623961 -0.23511910 -0.49270278 -0.15958805 -0.25548333 -0.16450593 -0.27454978 0.13385016 -0.02987793 0.01154038
-0.09881520 0.09357975 0.23972836 -0.10183056 -0.29179165 -0.13817802 -0.24795532 0.35800552 0.18175989 -0.15976997 0.16910374 0.25068662 -0.03388446 0.00522388 0.31589615 -0.17142050 -0.23454478 -0.02926314 -0.11195251 -0.00224287 0.00165746 0.04998638 0.19929828 -0.01962619 -0.36629015 0.31507400 -0.29566646 -0.02126318 0.13754277 -0.04174493 0.03021595 0.27610958
-0.28065729 0.15776473 0.13595271 0.18543284 -0.00752512 0.12257932 0.16433129 -0.08719616 -0.11531948 -0.27232945 0.25920263 -0.28510287 -0.07253194 -0.00387146 0.04949228 -0.25784716 -0.22905231 0.20241180 -0.06061200 0.25909612 -0.04299458 0.13198623 0.06793072 -0.27211553 -0.48585013 -0.19237269 -0.40659073 0.03602837 0.19810797 0.08318985 -0.08520632 -0.10104153
