-0.85385543 0.43428913 0.36119574 0.67100757 0.07377315 0.26489794 0.29663149 0.22196315 -0.66556549 0.55039734 0.07381442 0.62602615 0.06200926 -0.43711469 -0.81186289 0.27995715 0.12514074 0.42353877 -0.00767084 -0.31823918 0.51364684 0.47018862 -0.41557327 0.74452174 -0.10047992 -0.49693450 -0.20788023 -0.35297361 -0.26345950 0.04037168 0.08716917 0.39821777
0.71623158 -1.03793287 -0.27634156 -0.83050567 -0.35557890 0.10254417 -0.43780088 -0.81681567 0.76454139 -0.22277205 0.10956901 -0.21593848 -0.09524463 0.61424661 0.59959799 0.04667646 0.03444805 -0.56855834 -0.57641649 0.19973703 -0.95732653 -0.30842298 0.78812271 -0.62777674 0.50211012 0.56318563 0.39018470 0.51483846 0.19140464 0.60924453 0.20966744 -0.96986175
0.23227613 0.19263768 0.21872994 -0.13504380 0.35785607 -0.31588385 -0.16471003 0.69272637 0.29633406 -0.61158407 0.25658953 -0.87045664 0.31710404 -0.16245487 0.17722893 -0.63683617 0.06282976 -0.24788286 0.51180422 0.27750784 0.03059741 -0.34493774 -0.16927715 -0.56236947 -0.54974061 0.30431223 -0.21684383 -0.53053015 0.86317420 -0.04547257 -0.81775540 0.20595361
0.53481889 -0.05999019 -0.16689716 -0.41042578 -0.22286642 -0.04052240 -0.22089906 0.37060547 0.24380794 -0.22866440 0.55096310 -0.63256347 0.34466249 0.32856843 0.43901902 -0.26884243 0.39426416 -0.35472703 0.32254648 0.06812637 -0.62841719 -0.09151445 0.27516237 -0.10433140 -0.25203767 0.38960874 0.03734189 -0.17749895 0.48170736 0.18250696 -0.44990137 -0.24463010
-0.46624580 0.69525534 0.56904685 0.54707241 -0.04952753 0.51776135 0.76590210 0.40410694 -0.37041032 0.27290496 0.06489366 0.01001659 0.29576308 -0.36479160 -0.72322571 -0.12201313 -0.08877444 0.69257849 -0.06888042 -0.59412336 0.81622976 0.69639081 -0.43670744 0.31236273 -0.29229897 0.23112659 -0.34959847 -0.29166070 -0.43566293 -0.45927840 0.31911451 0.54360658
0.93152755 -0.67757392 -0.87330854 -0.83977932 -0.12725182 -0.18673268 -0.90535277 -0.39368448 0.68965316 -0.04654833 0.10699207 -0.26224321 -0.17000905 0.49881816 0.75111592 -0.02114560 0.25154123 -0.57802385 -0.58504504 0.23805179 -0.78654939 -0.05990813 0.91361952 -0.59959418 0.46333507 0.07258517 0.74308550 0.18254466 -0.09075931 0.69671887 -0.11729343 -0.77878070
0.82994729 -1.00701463 -0.55585086 -0.90523767 -0.29678866 -0.26132867 -0.50313509 -0.81520647 0.73818135 0.20963226 -0.06488087 -0.11020799 -0.34526005 0.85720974 0.97921014 0.10940088 -0.06753674 -0.55642933 -0.20751584 0.22666603 -0.77816200 -0.40860903 0.61771792 -0.56784064 0.54291475 0.44639441 0.43873554 0.50511813 0.32095063 0.54146856 -0.32070646 -0.38185218
0.80838484 -0.45690086 0.32521871 -0.77636379 -0.12073480 -0.39645678 -0.51336169 0.12907079 0.83497483 -0.84122109 0.28847319 -0.47498798 0.24361312 0.54931402 0.19413315 -0.42558116 0.45373929 -0.09411192 0.36182496 -0.03257297 -0.63904709 -0.31525952 0.35810861 -0.43603450 -0.41899607 0.61928785 0.24961445 -0.47777590 0.66225260 -0.46431634 -0.76352823 -0.04380392
0.75233942 -0.92049360 -0.83111525 -0.51327229 -0.24422579 0.11580255 -0.76845825 -0.94660765 0.14143799 0.34937400 -0.13298021 0.23511125 -0.10116453 0.88471085 0.60799092 0.35378423 -0.17091109 -0.22053505 -0.42564908 -0.09528379 -0.87132233 0.05527835 0.55408263 -0.26438829 0.70546633 -0.08961383 0.25468960 0.50701499 -0.00545536 0.46987340 0.02592190 -0.49961567
1.01561081 -0.45732769 -0.12585101 -0.96633840 -0.16049755 -0.60744464 -0.88023990 0.21736142 0.44005027 -0.92088443 0.39072040 -0.40158248 0.45016456 0.80623794 0.75367910 -1.08180058 0.32358772 -0.70712227 0.44083488 -0.02085264 -0.98924720 -0.69587654 0.56282103 -0.96750790 -0.11698927 0.98734957 0.14758061 -0.47231731 0.91984081 -0.62170458 -0.68401963 -0.14582126
0.47828656 -0.70859271 -0.39627314 -0.55981851 0.21146835 0.20412236 -0.35853410 -0.84801036 0.58169258 0.23137294 -0.04822953 -0.15255406 -0.58180147 0.28054565 0.40488890 0.86875433 0.13944209 -0.32023734 -0.71268266 -0.01716842 -0.22227176 -0.14834069 0.39115772 -0.17406334 0.75515348 -0.33275682 0.61265135 0.54706329 -0.31172991 0.77727532 0.31090984 -0.45635536
-0.69684798 0.22927056 0.55061823 0.62541139 0.16572756 0.31036383 0.33429891 0.05592807 -0.29171830 0.36973035 0.34093240 0.40723449 0.36247957 -0.81464154 -0.64729691 -0.22977130 -0.16606149 0.73936039 0.06350784 -0.35268471 0.47388205 0.45800120 -0.68872577 0.46701339 -0.11823585 0.08713335 -0.25072578 -0.15764570 -0.27481610 -0.35300663 0.43806601 0.78203380
-0.74825937 0.69416708 0.70189738 0.81751746 0.39511198 0.29903498 0.76401842 0.35450912 -0.22430255 0.29273981 -0.15847686 0.26760158 0.24244042 -0.75248301 -0.63941610 -0.02289315 -0.30954155 0.54025406 -0.26280010 -0.36176449 0.50001389 0.56024456 -0.26247242 0.32761970 0.23311885 -0.52382547 -0.68998623 0.07824320 -0.62812692 0.23209843 0.18022878 0.75636727
-0.00266453 0.20534310 -0.00366820 0.14261079 -0.10988388 0.64272362 0.45462137 -0.51118058 -0.16672704 0.76707375 -0.54466313 0.99295974 -0.81633401 -0.21091470 0.11745990 0.71515453 -0.40503037 0.66545612 -0.56678385 -0.29451543 0.30706629 0.81518906 -0.05701193 0.44332615 0.17221875 -0.28472164 0.07383353 0.74601001 -1.02079797 0.08061445 0.73961347 -0.26317528
-0.37421897 0.30753610 -0.44930732 0.39828926 0.02196302 0.59500915 0.25689793 -0.40240079 -0.40310833 0.73803699 -0.38249370 0.66652548 -0.24328385 -0.37555322 0.08054888 0.80129009 -0.37965149 0.48275822 -0.63652855 0.18239206 0.23901367 0.70400220 -0.22850519 0.85987300 0.57377088 -0.47851628 -0.00703730 0.24632233 -0.83368874 0.48304352 0.74243510 -0.13483436
-0.83062714 0.83582604 0.24743892 0.50243646 -0.19993033 0.17934547 0.80845445 0.08038475 -0.72892773 0.31576383 -0.07297908 0.23932615 0.06625759 -0.70471603 -0.59190542 -0.01742884 0.04468850 0.86269498 0.44858944 -0.24504511 0.73509413 0.37158328 -0.31104743 0.20724881 -0.25117251 -0.34498629 -0.32605264 -0.16551623 -0.14812814 -0.24933372 -0.10639926 0.69756633
-0.65256739 0.18463254 0.12742977 0.55210483 -0.12812848 0.20843378 0.26574969 0.01817359 -0.39494151 0.34353837 -0.25132361 0.26646319 -0.13308087 -0.66192323 -0.43716502 0.07158955 -0.44704193 0.66650301 0.12983708 -0.15292381 0.75789756 0.36921996 -0.38284594 0.19192566 -0.15452133 -0.24902409 -0.30517638 0.22512430 -0.20900562 0.13207141 0.46330318 0.35866210
-0.21637635 0.46121112 -0.29670495 0.38352856 -0.19483578 0.21989870 0.49078783 -0.67819357 -0.76311511 0.45696020 -0.74929750 0.70452905 -0.28455591 -0.20506267 -0.41736674 0.97434175 -0.53186119 0.65814698 -0.39478904 -0.18889248 0.46260443 0.55909050 -0.17086710 0.65512526 0.75031173 -0.58987129 -0.11217242 0.78927308 -0.81855017 0.33013144 0.74303329 0.08885393
-0.40686777 0.50155210 0.68255913 0.00630117 -0.21949279 0.01107126 0.36414388 0.69320917 0.31253299 -0.60843241 0.28118873 -0.60461825 0.52888972 -0.37806439 -0.11650802 -0.64218628 0.48436183 -0.25528798 0.55924284 0.19370282 -0.06689005 0.03234737 -0.26870733 -0.73937589 -0.12014328 0.21396120 -0.08120933 -0.63459784 0.66258240 -0.60524541 -0.56336981 0.52587318
0.42787468 -0.64413172 0.25764024 -0.28073961 -0.19155392 -0.32416153 -0.37830803 -0.07503000 0.77475357 -0.61843199 0.65314585 -0.37463790 0.50555265 0.25870380 0.70555103 -0.51232272 0.13417861 -0.31091562 0.12725490 0.16655390 -0.59230375 -0.33834589 0.55520129 -0.80912519 -0.19927546 0.40542790 0.17916703 -0.26720682 0.82024658 0.22836664 -0.27926305 -0.02271305
-0.56419408 0.78669143 0.27574006 0.63012660 -0.27906522 0.61202312 0.30615908 0.41065809 -0.14519680 0.07993394 0.02718019 0.62904888 0.07511179 -0.38993570 -0.39927325 0.09931754 -0.27208972 0.62774575 0.01960364 -0.62582308 0.29414958 0.54935139 -0.40825394 0.50106335 0.09508721 -0.06821812 -0.55883485 -0.32716641 -0.46086586 -0.29003170 0.60053742 0.10098214
-0.22294965 0.42408684 0.41431198 0.30863425 0.00182622 -0.00882799 0.27410990 0.54241049 -0.43202099 -0.05848357 0.10063305 0.15710422 0.02038202 -0.42113635 -0.51115942 -0.28119689 0.10526637 0.23808162 0.14894924 0.16017035 0.62263042 0.05625559 -0.35903600 0.01420969 -0.23187461 0.25902614 -0.44570294 -0.26566696 0.04500838 -0.01474022 -0.04390002 0.52421021
0.11948313 -0.28512707 0.27831700 -0.36017379 -0.02548237 -0.39292362 -0.15654270 0.07371584 0.12045114 -0.51847184 0.19385897 -0.41136211 -0.04700016 0.35453698 0.16587737 -0.29136339 0.27440348 -0.22534968 -0.13487865 0.36404645 -0.60733366 -0.25795385 -0.05143301 -0.54557562 -0.02953758 0.31203285 0.04642311 -0.05565994 0.13524410 -0.36067510 -0.37444317 -0.27679527
-0.45395553 0.66576821 0.45047814 0.73859185 0.34674779 0.01654633 0.43650067 0.28505343 -0.43344608 -0.09468105 -0.25619203 0.13135836 0.21684600 -0.53078538 -0.50738329 -0.21049927 -0.30203885 0.27493811 0.04918128 -0.11253031 0.40877986 0.03906687 -0.44507903 0.46773177 -0.33207205 -0.32572341 -0.45382449 -0.31532028 -0.30599922 0.14633577 0.15018107 0.33792630
-0.34229726 0.20486793 0.22166760 0.23308255 -0.32101294 0.31555939 0.53099585 0.23615086 0.19758300 -0.49343660 0.31071496 -0.12880045 0.24813634 -0.30390778 -0.23523133 -0.41544154 0.21553135 0.37920451 0.49517611 -0.51479930 0.05832097 -0.10835486 0.00061267 -0.17351167 -0.37160146 0.12099554 -0.31761563 -0.14623922 0.19027789 -0.38444886 -0.04059997 0.22228397
-0.50014877 0.33641621 -0.20828617 0.43075231 0.22430126 0.14284980 0.08370534 -1.01591027 -0.47190708 0.30943120 -0.84182000 0.72297770 -0.52800536 0.09681465 -0.30157670 0.63059849 -0.42754543 0.48018977 -0.88941193 0.06968686 0.56751972 0.28434774 -0.42891017 0.73821354 0.79490775 -0.92505074 -0.04653438 0.65511519 -0.61190933 0.56881863 0.90437490 0.21009254
-0.43210882 0.37388128 0.14748529 0.31410927 0.19011986 0.53252047 0.66956180 0.43184686 -0.17872338 -0.11470434 0.00947949 0.19122769 -0.25150776 -0.29085082 -0.56603050 0.04355646 -0.34258074 0.89512992 0.13410534 -0.57721746 0.48781526 0.35037696 -0.34910849 0.20455973 -0.27375832 -0.36498782 -0.58382559 -0.00212569 -0.10889938 -0.16306375 0.52933460 0.15327533
0.70445722 -0.27239531 0.48161510 -0.81120414 0.07717109 -0.53604597 -0.52963316 0.22038904 0.54573023 -0.61093330 0.73700410 -0.67722774 0.26226771 0.36287180 0.66211742 -0.97771806 0.32915032 -0.46383476 0.22802810 0.22977781 -0.88117111 -0.18580703 0.54983795 -0.85888928 -0.60813010 0.73332399 0.09740350 -0.61670494 0.88804621 -0.36387435 -0.80776626 0.09706764
-0.16031954 -0.00428085 -0.49809730 0.14282997 0.03945520 0.34778133 0.35679156 -0.71684247 -0.75463015 0.66999221 -0.53028882 0.97495860 -0.35099092 0.29704055 -0.30859086 1.12584841 -0.64117295 0.75472510 -0.60338682 -0.24981591 0.45986119 0.71069402 -0.36004105 0.99667245 0.76647574 -0.63759565 -0.42142096 0.69393456 -1.08132315 0.70834655 0.56591028 -0.23334007
0.75951892 -0.78601640 -0.07848789 -0.53894079 -0.14475748 -0.32652947 -0.46339390 0.15304196 0.83339810 -0.77397841 0.21176890 -0.78395391 0.44126093 0.14008644 0.38387159 -0.71712166 0.14019944 -0.00247396 0.58816761 0.01237862 -0.47792995 -0.61200088 0.31964424 -0.64622325 -0.39546090 0.85932398 0.53884619 0.17809667 0.85663861 -0.42754209 -0.56623250 -0.31377581
0.63011241 -0.49904314 -0.71134514 -0.61593068 0.14998874 -0.18539003 -0.54675394 -0.79716974 0.40980816 -0.00505410 -0.23847771 -0.28606796 -0.13913928 0.76342994 0.43031013 0.44360697 0.25963697 -0.64285511 -0.48460507 0.54625100 -0.78610688 -0.57127810 0.68493509 -0.46123660 0.56727314 0.39569840 0.20760389 0.49893785 0.08999667 0.50244325 -0.24918330 -0.39064097
0.43143094 -0.14386332 -0.35104731 -0.40217575 -0.00996637 -0.37828642 -0.61822140 -0.15697014 0.19041426 -0.55524814 0.37724233 -0.33885100 0.24823913 0.20577979 0.67156899 -0.28714058 0.07853129 -0.32932556 0.44629619 0.06731336 -0.38116485 -0.32154834 0.04820126 -0.60761654 -0.11434835 0.85767424 0.23751459 0.15074055 0.54834402 0.09082916 -0.60147971 -0.52758092
