0.27636176 -0.01757198 -0.10959995 -0.99375363 -0.99175413 -0.99465513 -0.99731878 -0.99639015 -0.99668445 -0.02795916 -0.07442172 0.08698850 -0.33615007 0.84177728 0.54054059 0.07813856 0.00742791 -0.00115874 -0.02795916 -0.07442172 0.08698850 -0.09833789 -0.04112335 -0.05529346
0.27783963 -0.01791803 -0.11182784 -0.99571497 -0.99495336 -0.98524241 -0.99714588 -0.99132623 -0.99075716 -0.02710381 -0.08042753 0.08559988 0.95273941 -0.02809672 0.19866810 0.07717524 0.01458978 0.00179390 -0.02710381 -0.08042753 0.08559988 -0.10004495 -0.03596713 -0.05832084
0.30314603 -0.03787270 -0.07707342 -0.97781706 -0.82613479 -0.93578131 -0.83668026 -0.96711422 -0.85948624 0.19438252 -0.10828747 -0.33881782 -0.68460146 -0.41411643 -0.93448468 0.06504485 -0.11382040 0.01880938 0.19438252 -0.10828747 -0.33881782 -0.15069886 -0.03129704 0.03588149
0.23494583 -0.00759786 -0.14537347 -0.37435198 -0.12509714 -0.55974595 -0.50219654 -0.52303697 -0.28108968 0.02190671 -0.06999857 0.11461681 0.97912284 -0.06229009 -0.01498107 0.31960129 0.11523229 -0.01116852 0.02190671 -0.06999857 0.11461681 -0.10445461 0.12407005 -0.13911895
0.22819872 -0.00877335 -0.11829796 -0.34525185 -0.15508421 -0.47507992 -0.54405007 -0.51039124 -0.43369981 -0.02400581 -0.09310999 0.10490186 0.92754961 -0.25628691 -0.17346326 0.15523572 0.03164677 0.02246389 -0.02400581 -0.09310999 0.10490186 -0.11043230 -0.02541674 0.07161213
0.31531412 0.34350093 -0.09789549 -0.93675988 -0.89614424 -0.89815224 -0.92945774 -0.94937245 -0.92425707 0.02250154 -0.13118457 0.09907814 -0.77990925 -0.07558667 0.98436185 0.11678311 -0.00047538 -0.10440591 0.02250154 -0.13118457 0.09907814 -0.11265712 -0.06121397 -0.02690126
0.33315535 -0.00557269 -0.12677963 -0.95468104 -0.94946170 -0.94196690 -0.95467525 -0.92770631 -0.91444891 -0.02852894 -0.11729916 0.17390877 -0.22655967 0.55130280 0.83388250 0.04030981 0.02156807 0.02979143 -0.02852894 -0.11729916 0.17390877 -0.11380206 -0.04916208 -0.11113105
0.28005185 -0.01959644 -0.10276525 -0.19673747 0.24898134 -0.23531756 -0.19077609 -0.49183273 -0.12896350 -0.15613407 -0.07487865 0.13551285 0.91941987 -0.29147875 -0.06620398 0.17060951 -0.04049633 0.13071227 -0.15613407 -0.07487865 0.13551285 -0.15255848 -0.03172647 -0.06148614
0.24474462 0.00654104 -0.11858887 -0.38357308 -0.15418502 -0.33921617 -0.26993142 -0.19359265 -0.18427637 0.00170724 -0.09138343 0.16573967 0.97125201 -0.15385592 0.02569582 0.11874255 -0.14977353 0.01623718 0.00170724 -0.09138343 0.16573967 -0.21593560 0.01652032 -0.11358653
0.24313596 0.02208829 -0.05273143 -0.25032293 -0.13992788 -0.05248235 -0.38065760 0.05181735 -0.19274855 -0.01492331 -0.10180674 0.12364391 0.94710979 -0.16264221 -0.16695238 0.24404080 -0.19577855 0.13473554 -0.01492331 -0.10180674 0.12364391 -0.11305987 -0.11923680 0.08409383
