0.77773625 0.43393445 -0.92236716 0.51896036
-0.38384375 -0.28171664 -0.35051119 1.05724180
0.67406040 0.45314035 -0.62146550 -0.56149352
-0.80638433 -0.37886772 0.74277765 0.27266103
1.02233505 0.09085243 -0.77402616 -0.45144770
0.36603072 -0.33653820 0.22792037 0.71470815
0.88571298 0.14006032 -0.88706899 -0.62041807
-0.61267614 0.03896338 -0.03085344 -0.01851728
0.78318083 0.53668231 -0.31370422 -0.80523634
0.50963879 0.47544408 -0.24223612 -0.53560823
-0.16818161 0.33185127 -0.30254477 -0.50354713
-0.90295613 0.40432268 0.68677551 0.02599418
0.31443581 0.25452456 0.42677873 -1.13068259
-0.45665869 -0.20885757 0.61374921 0.52085114
-0.36100972 0.60515833 0.05687140 -0.76233166
0.99488032 -0.01836324 -0.46888170 -0.81108284
0.53000742 0.33212331 0.54684442 -1.06989884
-0.42990682 -0.25784051 0.80173939 0.77464366
-0.53885359 -0.54625541 0.49459246 0.66375315
-0.83698553 0.33125609 -0.19313510 0.24903552
-0.90594655 -0.08875661 0.22518323 0.48452950
-0.40144759 0.20597567 -0.57624167 0.89888161
-1.20662618 0.06180102 0.07788917 0.05172782
0.76613218 0.32579008 -0.60574579 -0.84758478
1.06706178 -0.47439277 -0.03890130 0.16829966
0.25147414 -0.40329787 0.25468057 -0.02593153
-0.55110145 0.46845600 0.24019186 -0.92392427
-0.03920432 0.23593357 0.59325886 -0.98743987
0.92062980 -0.41028112 -0.22547156 -0.20444100
-0.97082788 -0.04987826 0.63235760 0.46511665
0.01204689 -0.38712788 -0.55028695 0.96058607
-0.53815508 -0.70323086 0.26321292 0.68251008
