0.06251636 0.51150560 -0.56750554 0.16474576 -0.58071876 0.43984139 -0.58500928 0.65146703 -0.65320671 -0.79164767 -0.50857365 0.09680609 -0.39136481 0.76506299 -0.37278801 -0.61613172 -0.18617576 0.38686657 0.22066374 0.33154842 0.48683146 0.08119256 0.38603914 -0.71937966 -0.27694720 0.09236845 -0.24669066 -0.52995133 -0.11052153 0.55173045 0.61257112 0.39987820
0.01987850 0.25709072 -0.45259508 0.75372469 -0.69544417 0.64969134 -0.69885874 0.31179959 -0.59621280 -0.71150506 -0.52603042 0.34822702 -0.56209928 0.81489342 -0.31400508 -0.39290240 -0.45274496 1.07315862 0.67379451 0.47693795 0.63594377 -0.05499943 0.39215648 -0.40475062 -0.08501533 0.03867429 -0.08372896 -0.16882516 -0.42007193 0.38093302 0.12905742 0.86363363
-0.55091780 -0.56834513 -0.20136127 0.19427057 -0.16754514 -0.23910521 0.00208038 0.23753974 -0.01084300 -0.03760704 0.22233330 0.59142226 0.88430315 -0.11504085 0.13466398 -0.10698353 0.71848917 -0.21086772 0.12448994 0.23533142 0.06763258 -0.60838568 0.54270190 0.18172844 -0.38598588 -0.14373390 0.56361163 0.67175889 -0.40853882 0.15538590 -0.83067310 -0.24387866
1.13978195 0.26550972 0.59554386 -0.95439446 0.55416113 0.48557338 0.89250433 -0.46287805 0.25720346 0.12619638 -0.02227185 -1.03107285 -0.80679238 -0.79725718 -0.68817115 0.24906094 -0.29669422 -0.70080245 -0.30308649 -0.21460354 -0.18237698 0.55426645 -0.82557654 0.38685408 0.64221513 0.03715822 -0.91110969 -0.97512054 0.70917976 -0.84862697 0.57518643 -0.06014812
0.35181618 -0.74006158 0.90160072 -0.84169376 0.74428254 0.06426552 0.88738149 -0.41024083 0.62754995 0.41899016 0.07648954 -0.26221523 0.36585277 -0.32903069 -0.07465819 0.57405692 0.45032471 -0.66190690 -0.58191401 -0.16522880 -0.82724339 -0.33784184 -0.62803507 0.43106681 0.36214125 0.03382923 -0.41175646 0.13699509 0.33006355 -0.60521847 -0.54536748 -0.84580511
-0.68019521 -0.04607171 -0.86525482 0.57730079 -0.30321059 -0.05234264 -0.63924819 0.48561284 -0.75808102 -0.52987230 -0.28041062 0.39647004 -0.33407146 0.66195130 -0.02512172 -0.45933747 -0.22825193 0.64181358 0.57920331 0.20888230 0.88130665 0.21279801 0.96321416 -0.47343153 -0.34933969 0.19598781 0.37575078 -0.12886404 -0.50804317 0.76018220 -0.28889203 0.77669173
0.31926972 -0.58679825 0.54439855 -0.55891329 0.75521213 0.10807145 0.56429535 -0.52227557 0.86347097 0.43188313 0.11582017 -0.53447729 0.59270400 -0.74356687 0.12321503 0.38583931 0.95835781 -0.65664482 -0.35574555 -0.65682936 -0.86823195 -0.66192985 -0.89363056 0.82390469 0.49168479 -0.06534158 -0.29015940 0.56180412 0.79545975 -0.58222705 -0.52782094 -0.63028926
0.02745422 -0.78087592 0.31287855 -0.37155756 0.21801658 0.00897859 0.68643457 -0.02553844 0.64288956 0.20137806 0.16158752 -0.19082977 0.62865323 -0.54536229 0.08591543 0.12035692 0.63184786 -0.67526430 -0.60999370 -0.39140123 -0.32248518 -0.10222094 -0.04773604 0.37092444 -0.17850417 0.07678176 0.29761553 0.38699293 -0.03916288 -0.67168832 -0.45271879 -0.49850488
0.19528510 -0.75091189 0.40564430 -0.50032479 0.38229051 -0.30754715 0.25002459 -0.40794796 0.64489937 0.83158320 0.54804426 -0.02306426 0.37330183 -0.57690370 0.27692428 0.27284399 0.61508369 -0.88500184 -0.52503943 -0.01273231 -0.24724650 -0.16186975 -0.29136109 0.25576434 0.23164508 -0.24171852 -0.05810825 0.41450617 0.09456392 -0.57805979 -0.39755455 -0.65023369
-0.12432468 0.04154402 -0.54798770 0.51168144 -0.33742011 0.00004329 -0.50096041 0.78626716 -0.53069931 -0.24477318 -0.33124837 0.28546104 -0.36674273 0.66673380 0.12963787 -0.28194100 -0.31281498 0.45326725 0.59058642 0.59397393 0.38093406 -0.01267111 0.50991923 -0.70884013 -0.53846312 -0.30316249 -0.19694014 -0.29443735 -0.64603776 0.42934081 0.16820452 0.77410263
0.67344654 0.19327126 0.29280213 -0.18362026 -0.02208950 -0.07012688 0.28629771 0.20819464 -0.19478223 0.10461289 0.22772552 -0.41745293 -0.65894252 -0.40780568 -0.13754725 -0.33935505 -0.47710925 -0.33649656 -0.17355098 0.08091879 0.23426048 0.34439561 0.06460919 -0.13807997 -0.27656227 -0.36418873 -0.06332193 -0.63927203 -0.19842485 0.16248403 0.21839693 0.06885624
0.03734274 -0.43489623 0.36283749 -0.27243307 0.08587371 -0.58606696 0.34751657 0.19552697 0.28279519 0.46000955 0.56130755 0.57734674 0.45974371 -0.04180552 0.17637180 -0.23689194 0.86809719 -0.24195494 -0.32758865 0.45511261 0.21515588 -0.29150707 0.06881122 0.01612305 -0.27126470 -0.32677701 0.73329920 0.56362218 -0.52453828 -0.15855239 -0.83537829 -0.68529123
-0.30602023 0.55380130 -0.87406594 0.53963703 -0.45080230 0.02554884 -0.43370336 0.53973424 -0.70609510 -0.39477357 -0.51254714 0.24344759 -0.13151579 0.28637937 -0.38837981 -0.52616340 -0.51052362 0.85831946 0.44949335 0.37803715 0.62958521 -0.15550379 0.30426458 -0.65514153 -0.41303810 0.40503791 0.05563167 0.19871737 -0.11478736 0.63837403 0.15068720 0.79919201
0.19793135 -0.53534722 0.34111679 -0.43012297 0.56336349 -0.13265489 0.32848868 -0.04623709 0.43884298 0.43616927 0.12341192 -0.16394539 0.57035202 -0.71549928 -0.02237155 0.54397476 0.08625610 -0.58541650 -0.26492342 -0.05137116 -0.57266408 -0.38624772 -0.49054533 0.55199546 0.14639585 0.04601068 0.11596324 0.26546904 0.30702230 -0.38861325 -0.04318825 -0.69246989
0.04361637 -0.79695016 0.37114081 -0.19930989 0.69460607 0.05999990 0.20063597 -0.41726774 0.65815598 0.63684601 -0.01302833 -0.49577084 0.38649246 -0.43815508 0.12690632 0.53866553 0.61407375 -0.71144676 -0.47348517 -0.34466878 -0.76538748 -0.33372036 -0.58955860 0.44329849 0.11192021 0.03029872 -0.34727412 0.48092267 0.55414534 -0.55809665 -0.56468099 -0.57942665
0.49052337 -0.32327843 0.81673723 -0.37071502 0.66947317 -0.48034170 0.48856568 -0.48824731 0.76379406 0.99870855 0.52288264 -0.59141147 0.37983516 -0.45344776 -0.01472695 0.32824132 0.60628885 -1.00357914 -0.88965589 -0.18322475 -0.23218903 -0.22617409 -0.73820388 0.86860740 0.34746546 0.11948028 -0.16090944 0.28485698 0.18975501 -0.82190263 0.06374914 -0.58441585
-0.28088602 0.54011750 -0.53415662 0.44367373 -0.39639232 0.00981518 -0.34431136 0.37929738 -0.10890691 -0.14284271 -0.14576058 0.12583210 -0.45718777 0.53391725 -0.24545874 -0.58175439 -0.34725884 0.15611464 0.45469037 0.37195605 0.63387889 0.31801152 0.77132672 -0.58725476 -0.30964017 -0.00279909 0.30663309 0.19137618 -0.14155881 0.28128245 0.11965692 0.23327646
-0.19354276 0.02011454 -0.33636042 0.58928591 -0.64577925 -0.02534079 -0.51769310 0.90977520 -0.14287104 -0.45391083 -0.15783755 0.58069092 0.03499221 0.58628517 0.29236111 -0.74901420 -0.32435894 0.80520964 0.30263749 0.64801675 0.34628847 -0.06010905 1.09171736 -0.50715780 -0.61505508 0.07263901 -0.03956376 -0.12578031 -0.56424659 0.53035086 0.36695489 0.63004768
-0.35291573 0.22484498 -0.20124944 0.60887504 -0.49607307 -0.09768571 -0.07551310 0.13035226 -0.49833369 -0.44135401 -0.33371946 0.46192545 0.28578764 0.19528516 0.36309063 -0.61774004 0.21307836 0.45248204 0.30191642 0.04937865 0.61138409 -0.32019317 0.27652147 -0.28823030 -0.42628169 0.19917023 0.07103550 -0.00197086 -0.11008375 0.67995173 0.05988073 0.51779330
0.36842361 0.54834962 -0.07260343 -0.13160475 -0.38658205 0.27152604 -0.31014967 0.40899816 -0.51250231 -0.22585234 0.25981882 0.21660782 -0.34347448 0.08083041 0.32257476 -0.41516921 -0.23625346 0.37545353 -0.07154849 0.17546824 0.25036690 0.42276484 0.44081506 -0.20901246 -0.59795910 -0.43012401 -0.10614564 -0.20465361 -0.42167106 0.08792757 -0.04954978 0.01227735
-0.34081554 -0.51095039 -0.30066490 0.30250376 -0.64815563 -0.08330553 -0.33940193 0.54708266 0.07674314 -0.00137329 0.23419262 0.70291072 0.34996897 0.03987200 0.66418743 -0.24927504 0.76513702 0.23090743 0.36125046 0.28203046 0.16492996 -0.54579359 0.58010858 -0.19354412 -0.17667907 0.08511202 0.78413755 0.73999929 -0.53902167 0.26564670 -0.38015130 0.13538510
0.07452777 -0.86160016 0.73959428 -0.00451856 -0.03150077 -0.13735573 -0.01935690 -0.02898868 0.68106091 0.51814365 0.19835012 0.21403444 0.73446578 -0.53428680 0.25417265 0.20573802 0.66927892 -0.69347376 -0.63830876 -0.12173427 -0.21110478 -0.14459145 0.16535465 0.52838641 -0.46396029 0.07520545 0.60334748 0.76853639 0.05216148 -0.11710717 -0.53180712 -0.78525472
0.42227811 0.65565723 0.44320989 -0.37363088 0.70033705 0.36558738 0.31846505 -0.48748863 0.03931068 0.14132787 -0.46919593 -1.08405066 -0.21366711 -0.48785165 -0.60106790 0.39766234 -0.47026867 -0.23137289 0.05795561 -0.49567860 -0.23595247 0.49176139 -0.66498303 0.42198226 0.88320738 0.22675125 -0.81787366 -0.88973629 0.58873171 -0.76935512 0.79374754 0.15517077
0.10628951 -0.53471816 0.75591248 -0.66403550 0.32135361 -0.14006770 0.73655051 -0.91829979 0.68478310 0.48089278 -0.27295437 -0.53945535 0.64677334 -0.52971405 -0.08938082 0.78420693 0.64351177 -0.32469222 -0.17008391 -0.40089712 -0.62487274 -0.51691931 -0.57630140 0.65391296 0.66973728 0.19818215 -0.43541104 0.29796410 0.76926488 -0.54702860 -0.43134123 -0.40444174
0.88986087 0.21540377 0.64291024 -0.63500649 0.34443098 0.08177622 0.40635088 0.18446815 0.04285710 0.14370686 0.22785835 -0.26619792 -0.46007761 -0.10794415 -0.33906361 0.13458432 -0.66299468 -0.41968012 -0.02569393 0.38874727 0.28366539 0.75578672 -0.18388294 0.47363907 0.21395697 -0.22072838 -0.72325969 -0.62009346 -0.23519957 -0.33860877 0.68510360 0.05509102
-0.22224678 -0.46929556 0.27561939 -0.29339722 0.03355809 -0.58202988 0.03137422 0.55932343 0.24374311 0.13654231 0.50702286 0.28749222 0.88950318 0.05932164 0.57775819 -0.31441841 0.82047063 -0.31584257 -0.15159930 0.21197250 0.35086748 -0.14578599 0.40535492 0.23009805 -0.27733946 -0.21805467 0.75353712 0.85500526 -0.37413251 -0.08298562 -0.83843869 -0.59954643
0.68080002 -0.54077232 0.77105004 -0.54232574 0.84885758 -0.17579450 0.42952660 -0.82120746 0.71004313 0.75054896 0.40835166 -0.50988483 0.55631453 -0.36684662 -0.18078749 0.68201703 0.28866741 -0.69258761 -0.65049016 -0.48714435 -0.33243868 -0.49391592 -0.29189894 0.87664187 0.26792434 -0.23868169 -0.23618750 0.07174561 0.24306503 -0.60956907 -0.38377693 -0.81267357
-0.40994188 0.22582561 -0.72976094 0.57525867 -0.33609259 0.25210792 -0.42341760 0.46654645 -0.82516319 -0.58524829 -0.08431827 0.76668668 -0.20706232 0.47024781 0.06964976 -0.56587338 0.03031393 1.00102198 0.77372634 0.32729697 0.43345034 -0.16294107 0.95098954 -0.44004866 -0.28245050 -0.25537494 0.24861430 0.33725363 -0.73916733 0.76059401 0.17236091 0.55041987
-0.03254401 0.45453399 -0.64548916 0.25419894 -0.04401079 0.72519153 -0.54039502 -0.15143386 -0.53389329 -0.77148414 -0.79322499 -0.14567834 -0.38359129 0.37432343 -0.65697235 -0.11233447 -0.50726312 0.78430784 0.49620104 -0.13110545 0.43777901 0.44197351 0.32708305 -0.35853729 0.12324056 0.05382228 -0.51990187 -0.53352839 0.22161674 0.07291388 0.66919416 0.29177073
-0.42977232 -0.66813910 0.17846785 -0.03857874 -0.05932229 -0.29203597 0.25810337 0.03401511 0.20446767 0.31796327 -0.18722464 0.23404962 0.96032941 -0.18474428 0.10610338 0.47148782 0.83449769 0.03466476 -0.46423736 -0.07700249 -0.21206500 -0.63794762 -0.25019547 0.08764336 0.22801702 -0.02862438 0.37362975 0.64448148 0.11268050 -0.06686464 -0.54021382 -0.07733727
-0.30043980 0.27973720 -0.75521743 0.38254836 -0.58743292 -0.17093994 -0.66213721 0.86239481 -0.56359488 -0.28503573 0.11067711 0.90105110 -0.04070874 0.50610626 0.24388149 -0.39701933 -0.52358681 0.55437309 0.54789561 0.37102705 0.46023759 0.35326326 1.14799368 -0.58769143 -0.12631403 -0.39024132 0.02022681 -0.26061037 -0.34582070 0.89405358 -0.07268308 0.58435243
-0.34511453 0.39897323 -0.49305806 0.16339581 -0.46568266 0.04264114 -0.51702738 0.30893216 -0.51641363 -0.79172075 -0.00063133 0.31975791 -0.30861232 0.55423003 -0.04048118 -0.72474593 -0.21938382 0.33090797 0.27477452 0.42497998 0.40195882 0.33479723 0.95964068 -0.58889121 -0.55926096 0.15892155 0.19862151 0.00560986 -0.60875851 0.59403586 0.12625851 0.58540100
