-0.86019975 0.33443022 0.53195471 -0.34685495
-0.82587993 -0.05387100 -0.06480086 -0.14768852
-0.17514911 -0.02762520 0.81009501 -0.67141736
0.49565879 0.21448795 -1.10082948 0.08365957
-0.79016787 0.15329812 0.35604131 0.30330768
0.27267691 -0.52459711 0.02707556 0.77634209
-0.20417474 0.18818501 -0.47783241 0.82750326
0.21814033 0.51424569 -0.94036555 -0.85754591
-0.91322106 0.50450265 0.77624440 -0.60044843
-0.78781939 0.16393743 0.34333611 0.61184806
-0.61566865 -0.55473506 0.59751868 0.38273647
0.21094832 -0.30919656 0.54255819 -0.52541226
0.72702372 -0.07821022 0.13977459 -0.65105236
-0.38224781 -0.61147702 0.17513382 0.54171485
0.56667411 0.07413039 0.16115981 -0.58946949
-0.41268682 0.43374968 -0.36023301 -0.67197698
-0.63092548 0.02590078 0.96678823 -0.51025754
-0.61815077 -0.51195186 0.84614044 0.48796892
0.85405123 -0.35529944 -1.02643585 0.44032127
-0.54115510 0.41090134 0.15699580 -0.68642110
0.83699667 0.75635201 -0.63902658 -0.58569545
0.75119328 -0.21284027 -0.13091120 0.01946046
0.84214783 0.57991254 -0.79205006 -0.81767094
0.65430945 -0.36444622 -0.27763817 0.68005991
0.66666776 0.07392906 -0.83583593 -0.29042345
0.91761202 -0.19156967 -0.20116909 -0.24006629
-0.41835886 0.18139808 -0.10894605 0.30297908
-0.25158677 0.22168808 -0.30672130 0.19018063
0.53563726 -0.68530750 -0.81539071 0.73745227
-0.62666231 0.27830163 0.50997990 0.04356199
0.38476932 0.48978353 0.40129143 -0.63751608
0.45132464 0.07033461 0.18917780 -1.08698213
