0.45816925 0.26711746 0.55969225 0.00544085 0.00428655 0.00901414 0.00098983 0.00763754 0.00337492 0.44494835 0.46372857 0.51173830 0.69742821 0.69532536 0.78453761 0.52587519 0.48631617 0.52561813 0.44494835 0.46372857 0.51173830 0.74547083 0.43537102 0.58156425
0.45507924 0.23843984 0.55477521 0.00510950 0.01376966 0.00867637 0.01050307 0.00686765 0.01024103 0.44576446 0.46375872 0.51160774 0.98878762 0.20638348 0.56946012 0.52402795 0.49519188 0.52183644 0.44576446 0.46375872 0.51160774 0.73469600 0.43957722 0.56664520
0.44993258 0.28650864 0.60880525 0.05293438 0.05357425 0.10803518 0.06598521 0.10785401 0.08067311 0.41541761 0.47651228 0.49340863 0.99941655 0.30353437 0.50257227 0.53255388 0.50160016 0.49722259 0.41541761 0.47651228 0.49340863 0.71971706 0.37072881 0.63730270
0.42681087 0.29079342 0.54867819 0.03377449 0.02737354 0.06351599 0.04381892 0.06328848 0.04392484 0.45661501 0.45589244 0.49084507 0.19015314 0.66982008 0.93468573 0.51713177 0.46937166 0.53898061 0.45661501 0.45589244 0.49084507 0.72799235 0.44012514 0.55733280
0.45062370 0.25550296 0.56485312 0.00259126 0.00958795 0.00556204 0.00552387 0.00255693 0.00806832 0.43642239 0.47993934 0.51509229 0.99336421 0.18013117 0.51706832 0.52167151 0.48915964 0.51057592 0.43642239 0.47993934 0.51509229 0.74883317 0.43528468 0.57023374
0.45129273 0.27421604 0.56638354 0.01130191 0.01624601 0.01544583 0.00689387 0.01458973 0.00952865 0.44717019 0.47046756 0.50365119 0.91688002 0.54954314 0.62153295 0.52326428 0.49091086 0.52352441 0.44717019 0.47046756 0.50365119 0.74863525 0.43612651 0.58431543
0.46189143 0.19119379 0.52449667 0.65935663 0.57908974 1.00000000 0.35039999 0.65300715 0.52301689 0.42441166 0.45829821 0.53882577 0.96049932 0.22189718 0.33258247 0.66639072 0.32986138 0.33118416 0.42441166 0.45829821 0.53882577 0.73231089 0.31841983 0.41398795
0.45974696 0.26652745 0.56293457 0.00509419 0.01274762 0.00452441 0.00187875 0.00411411 0.00805113 0.44805461 0.46880319 0.52015282 0.97287339 0.35539815 0.62591456 0.52553455 0.48370761 0.52186054 0.44805461 0.46880319 0.52015282 0.74354532 0.43700901 0.57438937
0.45656636 0.26589959 0.56238606 0.00195994 0.00658316 0.00399892 0.00024597 0.00237905 0.00229693 0.44649342 0.47303893 0.50436603 0.89932259 0.53439725 0.67369491 0.52315875 0.48464613 0.51087211 0.44649342 0.47303893 0.50436603 0.74464670 0.44013587 0.58024253
0.44360341 0.25115604 0.54120388 0.00648961 0.01140875 0.01071283 0.00926304 0.01861180 0.00605259 0.44024404 0.46682022 0.51271230 0.97916297 0.24164163 0.38384152 0.52409227 0.49495993 0.51145843 0.44024404 0.46682022 0.51271230 0.74688988 0.44212680 0.57531951
0.45407579 0.27471507 0.56317890 0.00293954 0.00832218 0.00495869 0.00113098 0.00751466 0.00623797 0.44570539 0.46544190 0.51153407 0.99584730 0.33955271 0.52852210 0.52490114 0.48611739 0.51940535 0.44570539 0.46544190 0.51153407 0.74469542 0.44180180 0.57842054
0.45273194 0.26926933 0.56025474 0.00301379 0.00803594 0.01144980 0.00249887 0.00823793 0.00630726 0.44453541 0.46483036 0.50853170 0.99732336 0.35227515 0.50395011 0.52258039 0.48808048 0.51152595 0.44453541 0.46483036 0.50853170 0.74471714 0.43292976 0.58330639
0.42243246 0.18524618 0.52060260 0.70831272 0.58325468 0.61385955 0.29411100 0.44353822 0.56862929 0.46323875 0.55882322 0.50102219 0.97544755 0.16922935 0.38954045 0.04134296 0.62522065 0.37290079 0.46323875 0.55882322 0.50102219 0.79921744 0.25106885 0.40574498
0.36673622 0.26583587 0.53947991 0.62912385 0.58169232 0.81012816 0.38981245 0.58764302 0.76818873 0.50949249 0.58955578 0.45680927 0.92147806 0.12902798 0.30001536 0.34717985 0.51286999 0.87196160 0.50949249 0.58955578 0.45680927 0.57906615 0.23393092 0.93722548
0.45666047 0.26515606 0.56753129 0.01101567 0.00839512 0.01271419 0.00403041 0.01003298 0.00193847 0.44377269 0.46549127 0.51026017 0.42728678 0.75011085 0.87605266 0.53034005 0.49401065 0.50161795 0.44377269 0.46549127 0.51026017 0.74641576 0.43691294 0.57909824
0.44800490 0.26944148 0.56091121 0.02624033 0.01715516 0.01349471 0.01102045 0.02637297 0.01231159 0.44560827 0.46780933 0.51262613 0.00000000 0.79386630 0.84743484 0.51934896 0.48675174 0.50565091 0.44560827 0.46780933 0.51262613 0.74318826 0.43782914 0.57699513
0.52481587 0.29983915 0.59032813 0.72163796 0.63835576 0.49748570 0.34814600 0.40728026 0.48923796 0.43261418 0.42478058 0.53710403 0.97940750 0.14457165 0.41483665 0.92236299 0.20272753 0.08240256 0.43261418 0.42478058 0.53710403 0.65351097 0.31662124 0.80254769
0.45687993 0.26727003 0.56390066 0.00254219 0.00474175 0.00737798 0.00088093 0.00210174 0.00125606 0.44526091 0.46250226 0.51201624 0.99182882 0.36358823 0.44566584 0.52131587 0.48346250 0.50444267 0.44526091 0.46250226 0.51201624 0.74490723 0.43645902 0.57963010
0.53561413 0.21302121 0.59397747 0.70298034 0.73213925 0.83593208 0.57108223 0.75396493 0.63083610 0.44377691 0.38507865 0.54249822 0.99312141 0.19108921 0.49828369 0.56771214 0.34717402 0.31492458 0.44377691 0.38507865 0.54249822 0.90406757 0.32024441 0.49804796
0.59526879 0.25816697 0.62215374 0.59666727 0.58607433 0.45482802 0.38000410 0.34103956 0.49689754 0.47104085 0.49267651 0.52511172 0.98002047 0.16193838 0.44484654 0.73643437 0.45209453 0.38638901 0.47104085 0.49267651 0.52511172 0.79912989 0.30938330 0.71430576
0.43583309 0.26495934 0.57379650 0.02907720 0.00971465 0.01626037 0.00564150 0.01506509 0.00188144 0.44663949 0.45492815 0.51104617 0.37240639 0.73262480 0.90021819 0.54409947 0.49127431 0.50530420 0.44663949 0.45492815 0.51104617 0.74292672 0.43946602 0.57881481
0.49393627 0.15575671 0.64440009 0.16826529 0.10404083 0.09637109 0.04443315 0.12848334 0.26854636 0.36205906 0.30492546 0.60210492 0.29174756 0.87892480 0.80078752 0.47269600 0.55407094 0.49481792 0.36205906 0.30492546 0.60210492 0.76465240 0.47161808 0.51628699
0.46054937 0.29370362 0.52445954 0.01520777 0.03143216 0.04389920 0.03687554 0.03253983 0.02889817 0.44766281 0.45057095 0.51073880 0.98506896 0.14260453 0.47626592 0.52951049 0.47612535 0.49351996 0.44766281 0.45057095 0.51073880 0.76424240 0.45488415 0.59139510
0.45990480 0.26063174 0.57255512 0.77598132 0.83393847 0.60395403 0.50538038 0.39169024 0.70818022 0.29760488 0.46738343 0.53916003 0.96944223 0.11773011 0.46625673 0.62071029 0.43147665 0.60613944 0.29760488 0.46738343 0.53916003 0.69258991 0.44681894 0.57212955
0.46578099 0.26317895 0.55997326 0.00605077 0.01029482 0.00859707 0.00827855 0.00233880 0.01028527 0.44368441 0.46012555 0.49525898 0.40151148 0.97893914 0.52018551 0.52185670 0.48426565 0.51914958 0.44368441 0.46012555 0.49525898 0.74508855 0.43653831 0.57852609
0.46482316 0.26418757 0.56419198 0.00914778 0.02200919 0.00461303 0.00820895 0.01019972 0.00198612 0.44585237 0.46870790 0.50892923 0.29724401 0.75269511 0.89581997 0.51865246 0.50029067 0.51717029 0.44585237 0.46870790 0.50892923 0.74716599 0.43376383 0.57765104
0.45985325 0.26877699 0.57693143 0.00088222 0.00839133 0.01271455 0.00770601 0.00842574 0.01255620 0.44569471 0.47681344 0.50986592 0.99600624 0.20310063 0.47210313 0.52271515 0.49074947 0.51035742 0.44569471 0.47681344 0.50986592 0.74324206 0.42958728 0.59059197
0.44987930 0.26068232 0.55949486 0.00094309 0.00449068 0.00194287 0.00435350 0.00216599 0.00379616 0.44052035 0.46642753 0.51222502 0.97156554 0.09206984 0.55087241 0.52740539 0.48713178 0.52079563 0.44052035 0.46642753 0.51222502 0.73950911 0.43719448 0.57838393
0.44958735 0.26589065 0.56429173 0.00411548 0.00473709 0.00668281 0.00086117 0.00476734 0.00137045 0.44484296 0.47053750 0.51142212 0.19250416 0.87303523 0.80974740 0.52617229 0.48410856 0.52189374 0.44484296 0.47053750 0.51142212 0.74517981 0.43512343 0.57908525
0.45880001 0.27818726 0.56211932 0.00411599 0.02115159 0.00539646 0.02038590 0.00581693 0.09467489 0.38797083 0.47413156 0.38961037 0.97328579 0.35127403 0.62559566 0.52105197 0.46355095 0.52503806 0.38797083 0.47413156 0.38961037 0.76569095 0.43880862 0.66189502
0.43248600 0.25751447 0.53638536 0.00400288 0.00636004 0.01332170 0.00820252 0.00555766 0.00267121 0.44861288 0.46122821 0.51074917 0.37720696 0.94675929 0.33602168 0.51964791 0.48458227 0.52000281 0.44861288 0.46122821 0.51074917 0.74292574 0.44146251 0.57816672
0.51151928 0.25119632 0.56192122 0.01326100 0.00879536 0.00568305 0.00582720 0.01320841 0.00254398 0.44393907 0.46133435 0.51033959 0.29083546 0.00000000 0.95501192 0.52909776 0.49214022 0.50810430 0.44393907 0.46133435 0.51033959 0.74819132 0.44788050 0.58150084
0.46567850 0.30247999 0.63153227 0.79334367 0.60589282 0.51722173 0.30605937 0.45416848 0.42945997 0.43016163 0.44445331 0.49675088 0.98638749 0.23245445 0.56549687 1.00000000 0.66435105 0.44375819 0.43016163 0.44445331 0.49675088 0.64431993 0.48273743 0.69099585
0.53358048 0.23251150 0.53156515 0.82753436 0.67014016 0.52044210 0.58616913 0.36092806 0.79422514 0.48994429 0.47368777 0.49621090 0.98830855 0.16401875 0.55659314 0.39812285 0.40602400 0.61215453 0.48994429 0.47368777 0.49621090 0.61813623 0.45521242 0.30365576
0.44401691 0.26577911 0.55021081 0.00337169 0.00438279 0.00624689 0.00447578 0.00267846 0.00161496 0.44356830 0.47127565 0.51202254 0.37290311 0.94440451 0.32900019 0.52758312 0.49016310 0.51183352 0.44356830 0.47127565 0.51202254 0.74894681 0.43612294 0.57880148
0.43635780 0.32736552 0.57643902 0.01051605 0.03059279 0.01137958 0.01956673 0.02497284 0.06055181 0.39584858 0.53768805 0.46561214 0.99150358 0.36335584 0.54642378 0.52733350 0.46924514 0.51554760 0.39584858 0.53768805 0.46561214 0.75980315 0.41656246 0.63717068
0.45515133 0.23863555 0.55674580 0.00448262 0.01315775 0.00655306 0.00811315 0.00732466 0.01150922 0.44519136 0.46506496 0.51353090 0.95937703 0.20482086 0.65856675 0.52331583 0.49085527 0.52351539 0.44519136 0.46506496 0.51353090 0.74667514 0.43810867 0.57618281
0.45252740 0.23449198 0.51553066 0.74786587 0.74133395 0.62805876 0.47643039 0.80717994 0.60319814 0.48647782 0.54469046 0.46400587 0.98395643 0.14144260 0.48517014 0.20611084 0.35423472 0.63473750 0.48647782 0.54469046 0.46400587 0.76661670 0.65796410 0.77523945
0.47286694 0.26597246 0.56385269 0.00808910 0.01381872 0.00575733 0.00808690 0.00499956 0.00511091 0.44351244 0.46452444 0.51084000 0.33198595 0.81265760 0.85124796 0.52900777 0.49342091 0.51369371 0.44351244 0.46452444 0.51084000 0.74385024 0.43828207 0.57622429
0.44038923 0.26227960 0.57029507 0.00640014 0.00548404 0.00722889 0.00352262 0.00655656 0.00510272 0.44769040 0.49918009 0.49810133 0.29555563 0.86362476 0.81033085 0.52013697 0.48615793 0.51665895 0.44769040 0.49918009 0.49810133 0.74286921 0.43355972 0.57963201
0.40117337 0.33551362 0.58357077 0.03466128 0.08236618 0.05143527 0.05010714 0.04772578 0.04094785 0.52839485 0.78366324 0.31621832 0.99505314 0.19078820 0.55438740 0.54914413 0.58002550 0.55744399 0.52839485 0.78366324 0.31621832 0.69653341 0.40647316 0.59203425
0.46312436 0.28063817 0.57239789 0.00029162 0.00886450 0.00416712 0.00276970 0.00187871 0.00464604 0.44786951 0.47030592 0.50788447 0.98714877 0.13596402 0.49282743 0.52305509 0.48614590 0.51748333 0.44786951 0.47030592 0.50788447 0.74609468 0.43720198 0.57773984
0.48470050 0.20682968 0.50385916 0.82164998 0.76741696 0.54045954 0.42837140 0.82405895 0.72970687 0.40085454 0.49167723 0.46732015 0.97284233 0.10880120 0.44493892 0.38726163 0.41558867 0.52143022 0.40085454 0.49167723 0.46732015 0.56313506 1.00000000 0.82951721
0.64820878 0.34649233 0.38916126 0.20474868 0.18453849 0.19493188 0.22588315 0.12778348 0.19843359 0.58629701 0.32450585 0.90023513 0.31985948 0.91420759 0.73720032 0.67269243 0.51964254 0.47473592 0.58629701 0.32450585 0.90023513 0.72687907 0.44217975 0.48601692
0.45443120 0.26645684 0.56492238 0.01244079 0.00999616 0.00400490 0.00387498 0.01094280 0.00411814 0.44557748 0.46575616 0.51055247 0.19448482 0.72956328 0.91373207 0.52775726 0.47919335 0.52042686 0.44557748 0.46575616 0.51055247 0.74508353 0.43528612 0.57984906
0.39044652 0.29327690 0.54129589 0.50475923 0.51516362 0.46371713 0.31077921 0.30691541 0.53480912 0.55755590 0.34213055 0.53134590 0.98784577 0.22516593 0.55710187 0.58717405 0.77541270 0.48331439 0.55755590 0.34213055 0.53134590 0.74319228 0.39264630 0.86197157
0.60632903 0.27858171 0.55234393 0.74051188 0.77184612 0.25483047 0.47024058 0.44113258 0.35242584 0.37005717 0.52755806 0.51477699 0.99137697 0.16806962 0.52244048 0.53454645 0.34672306 0.54173891 0.37005717 0.52755806 0.51477699 0.87570059 0.57460753 0.38196207
0.44147338 0.27534883 0.62073218 0.47813935 0.56982678 0.49248467 0.34350648 0.59442515 0.50669080 0.40156145 0.42262626 0.51287184 0.99058418 0.18913120 0.47526703 0.57829067 0.66410242 0.48271953 0.40156145 0.42262626 0.51287184 0.76645182 0.37221622 0.62973272
0.45352883 0.28814034 0.58935804 0.01363028 0.06443222 0.03560682 0.04308420 0.02078525 0.06013935 0.45124953 0.48721109 0.50016130 0.99399103 0.22493499 0.54982376 0.51724394 0.49571259 0.53941427 0.45124953 0.48721109 0.50016130 0.74579609 0.43447755 0.58002605
0.33590205 0.33955701 0.55260231 0.77828754 0.56793858 0.50013484 0.38703657 0.32738372 0.61880850 0.43264861 0.46167917 0.49982444 0.99214387 0.22181724 0.54440462 0.40738887 0.74805316 0.73746971 0.43264861 0.46167917 0.49982444 0.78086796 0.40812352 0.80721546
0.45338297 0.27115987 0.57282880 0.00174053 0.00585436 0.01168809 0.00302503 0.00550942 0.00292735 0.44429135 0.46794921 0.51122373 0.99702740 0.32733609 0.53150545 0.52596806 0.49253615 0.52054279 0.44429135 0.46794921 0.51122373 0.74293351 0.43850537 0.57477405
0.53418379 0.27508294 0.60920043 0.66016062 0.66477836 0.34392288 0.29700924 0.29985546 0.51150220 0.51891215 0.45141304 0.52251493 0.98833194 0.16939904 0.54403030 0.46236913 0.27658733 0.36014190 0.51891215 0.45141304 0.52251493 0.75974428 0.40975098 0.76775843
0.45631540 0.26445695 0.56619783 0.00297033 0.00395420 0.00235373 0.00080086 0.00256060 0.00244991 0.44789149 0.46552311 0.51043432 0.94956818 0.29095688 0.31537350 0.52562600 0.48134098 0.51342170 0.44789149 0.46552311 0.51043432 0.74459842 0.43459501 0.58040606
0.36495281 0.33473630 0.50913613 0.69995681 0.51479836 0.55933651 0.27495358 0.27862065 0.53687118 0.05395999 0.60281051 0.59787400 0.99536319 0.20014062 0.48781046 0.63208140 0.22594872 0.81216059 0.05395999 0.60281051 0.59787400 0.78596591 0.31578718 0.50871877
0.45255705 0.27218415 0.56712732 0.00208904 0.00807831 0.00839097 0.00200543 0.00617873 0.00783995 0.44525343 0.46815219 0.51010455 0.96310201 0.44000053 0.61837651 0.52382376 0.48614298 0.51463762 0.44525343 0.46815219 0.51010455 0.74584035 0.43737631 0.58318871
0.36715141 0.30661489 0.48993159 0.73581736 0.77560857 0.39447922 0.54546632 0.48036359 0.52429082 0.54355561 0.32476991 0.52875545 0.98367040 0.12632081 0.50156093 0.53383574 1.00000000 0.43578014 0.54355561 0.32476991 0.52875545 0.76154050 0.50178196 0.52684358
0.45368840 0.24097554 0.54335029 0.02229593 0.21056762 0.01257969 0.02784095 0.01541957 0.02113908 0.66121599 0.41775075 0.58300235 0.09134554 0.27808505 0.99967456 0.51516590 0.71837020 0.51679108 0.66121599 0.41775075 0.58300235 0.73027391 0.44930233 0.56648696
0.46031364 0.27111694 0.57492387 0.00274589 0.00396348 0.00584057 0.00072219 0.00154957 0.00000000 0.44366933 0.47301707 0.50975813 0.99133601 0.36309526 0.44434410 0.52770889 0.49494065 0.52476753 0.44366933 0.47301707 0.50975813 0.74443687 0.43534153 0.57926915
0.44739561 0.23260426 0.50688348 0.01072819 0.04355031 0.03198258 0.01558843 0.02608476 0.01958653 0.40088085 0.48926359 0.50626455 0.99443728 0.19499782 0.48498093 0.51550319 0.54691834 0.53924306 0.40088085 0.48926359 0.50626455 0.74919922 0.46635715 0.56690051
0.45773409 0.30621195 0.61106181 0.38754299 0.51353936 0.35121582 0.41613436 0.26311012 0.32498360 0.73528167 0.37419299 0.55303598 0.99255249 0.22371829 0.54054607 0.77305432 0.24812440 0.62382500 0.73528167 0.37419299 0.55303598 0.52393394 0.66299977 0.60541881
0.52147354 0.22333148 0.58564111 0.78866720 0.58546901 0.52828401 0.37342775 0.40322545 0.64704742 0.44983728 0.50247476 0.51419346 0.98021668 0.16085975 0.42477756 0.00000000 0.36220169 0.36652924 0.44983728 0.50247476 0.51419346 0.81980491 0.23086387 0.36930434
0.53673178 0.20042928 0.61210135 0.71291536 0.59663211 0.59563343 0.35799806 0.33239158 0.54516935 0.46252063 0.47587577 0.52831064 0.99225489 0.23910133 0.55980335 0.57303931 0.37480185 0.30487411 0.46252063 0.47587577 0.52831064 0.78836195 0.34152714 0.49576078
0.53754226 0.39276346 0.51581869 1.00000000 0.83557368 0.80561210 1.00000000 1.00000000 0.83386331 0.34570473 0.50826996 0.52871241 0.97509125 0.20001599 0.41647536 0.27526698 0.18215734 0.69972451 0.34570473 0.50826996 0.52871241 0.00000000 0.78290784 0.69536544
0.55737254 0.29685672 0.59837748 0.55906164 0.47304076 0.95278338 0.34965443 0.60686922 0.47282155 0.46935265 0.44092266 0.49832583 0.95446292 0.22514705 0.33005097 0.81145947 0.59168500 0.00000000 0.46935265 0.44092266 0.49832583 0.53106897 0.18594765 0.34297891
0.42988377 0.26030407 0.61671704 0.00578421 0.01864820 0.01795747 0.03319145 0.00431378 0.11490304 0.30944124 0.52055304 0.27601444 0.97427178 0.38428939 0.61034374 0.52539714 0.46967044 0.52950716 0.30944124 0.52055304 0.27601444 0.77793383 0.43628966 0.68044753
0.45654916 0.26990805 0.56054689 0.00808114 0.01896654 0.04305034 0.00924393 0.04078326 0.01750146 0.44937528 0.45098877 0.52374284 0.99380525 0.37608686 0.47517742 0.51844774 0.47701425 0.50943192 0.44937528 0.45098877 0.52374284 0.74841815 0.44280321 0.57509737
0.66928540 0.23898760 0.50511681 0.09734494 0.12911575 0.12565630 0.10646742 0.16036304 0.12612314 0.41398954 0.27277113 0.70366106 0.39259012 0.85045379 0.81106654 0.49972594 0.50540206 0.54925001 0.41398954 0.27277113 0.70366106 0.72260885 0.49228798 0.50268464
0.47745335 0.25926700 0.48397632 0.13126608 0.23840048 0.11581800 0.19032622 0.11257752 0.23354043 0.46339147 0.41345621 0.49146601 0.98632652 0.16521177 0.51764294 0.49716789 0.70416218 0.57665475 0.46339147 0.41345621 0.49146601 0.62886571 0.36132715 0.69067042
0.46699598 0.25817843 0.57903248 0.02143556 0.07397047 0.06168915 0.03539857 0.01245146 0.01893307 0.44031992 0.47361153 0.51222423 0.40319640 0.97870472 0.51720719 0.53814847 0.47548287 0.52518474 0.44031992 0.47361153 0.51222423 0.75187811 0.44968248 0.56263015
0.45451018 0.26535450 0.56494570 0.00127357 0.00568249 0.00404306 0.00188055 0.00081652 0.00253845 0.44583678 0.46815572 0.51139176 0.41978706 0.96460701 0.58407471 0.52122147 0.49154577 0.51712001 0.44583678 0.46815572 0.51139176 0.74569911 0.43638461 0.57869782
0.45156568 0.27010934 0.56564742 0.00140391 0.00627098 0.01017550 0.00241911 0.00765724 0.00302136 0.43735290 0.43457601 0.52556669 0.99363784 0.35945699 0.53175926 0.52532812 0.49180361 0.52535843 0.43735290 0.43457601 0.52556669 0.74743346 0.44712821 0.57618936
0.45706720 0.26976474 0.56223906 0.00498899 0.00964202 0.00224283 0.00076746 0.00110979 0.00380823 0.44608596 0.46765439 0.51141850 0.27946354 0.76864254 0.88785211 0.52292082 0.49590896 0.51671814 0.44608596 0.46765439 0.51141850 0.74343766 0.44044807 0.58156261
0.49062966 0.29579729 0.59290571 0.00931900 0.02613508 0.01862396 0.04104224 0.02263165 0.02767457 0.38509507 0.49081285 0.53067464 0.93043401 0.19274559 0.29732273 0.52821732 0.48552013 0.50444448 0.38509507 0.49081285 0.53067464 0.74043205 0.44025914 0.58392793
0.45248769 0.26651182 0.57268601 0.00343127 0.00784827 0.01510971 0.00982064 0.00863015 0.00841539 0.43620166 0.48123919 0.51065248 0.96840595 0.45196166 0.57988016 0.52512119 0.48315340 0.53494663 0.43620166 0.48123919 0.51065248 0.74524833 0.43368461 0.57745269
0.58607218 0.22772363 0.56732912 0.86230933 0.80590768 0.54209679 0.59292941 0.60602998 0.78838855 0.42721835 0.54623397 0.50950418 0.98677175 0.15762419 0.52599820 0.39692146 0.33810740 0.50340922 0.42721835 0.54623397 0.50950418 0.89766630 0.15517835 0.57126619
0.45701350 0.26110458 0.55875427 0.00286521 0.01088904 0.01218110 0.00345857 0.00848214 0.01110225 0.44383070 0.46718837 0.51024643 0.99257480 0.38099011 0.53388004 0.52350576 0.48542873 0.51800293 0.44383070 0.46718837 0.51024643 0.74414658 0.43997171 0.57543927
0.45702196 0.27267010 0.57446151 0.00348181 0.00863404 0.00995226 0.00516125 0.00537270 0.00574251 0.44548611 0.47371058 0.51036416 0.99250213 0.18008301 0.49027772 0.52387965 0.49434963 0.52078977 0.44548611 0.47371058 0.51036416 0.74234940 0.43914691 0.58079886
0.45510955 0.27780875 0.57617111 0.00283505 0.00689261 0.00830894 0.00190200 0.00948718 0.00660857 0.44519096 0.47156382 0.51156347 0.99499366 0.37388578 0.49762032 0.52353363 0.49010326 0.52902043 0.44519096 0.47156382 0.51156347 0.74447005 0.43704724 0.57565043
0.49036904 0.28114231 0.53715353 0.51903456 0.56804712 0.43762984 0.26823046 0.43776615 0.40639138 0.45852511 0.45111127 0.50227372 0.97506243 0.26204452 0.37764237 0.54689573 0.45012089 0.53173930 0.45852511 0.45111127 0.50227372 0.69054085 0.43918435 0.59556220
0.47581437 0.29515941 0.56878371 0.01895918 0.02860827 0.01650795 0.03137312 0.03303763 0.04078152 0.46937163 0.44325475 0.51988076 0.97068027 0.08707276 0.54702166 0.51794299 0.50191248 0.52766124 0.46937163 0.44325475 0.51988076 0.74548510 0.45321042 0.55524346
0.41647861 0.25391391 0.57333902 0.03576227 0.04246799 0.04515315 0.02690642 0.06470779 0.03242077 0.43684722 0.49279521 0.50756723 0.45962520 0.63959083 0.91723407 0.53649979 0.53337247 0.51749775 0.43684722 0.49279521 0.50756723 0.76053902 0.38491289 0.58961984
0.47564939 0.25905879 0.56852170 0.01493676 0.01597318 0.01297842 0.00911720 0.01783178 0.00814393 0.44081251 0.46042447 0.51000745 0.36190114 0.82556298 0.83583723 0.52169508 0.49295727 0.50882143 0.44081251 0.46042447 0.51000745 0.74594121 0.43603445 0.58438143
0.45224147 0.24026380 0.55228165 0.05875802 0.04432342 0.06224293 0.06497936 0.04682655 0.07138176 0.50180905 0.43274312 0.50502809 0.99257368 0.18638402 0.52766597 0.52493206 0.50359038 0.51792099 0.50180905 0.43274312 0.50502809 0.70654045 0.44669365 0.59423431
0.43262644 0.29428658 0.69268735 0.04379357 0.16716994 0.14804116 0.06533197 0.06007132 0.11425136 0.42556684 0.44723368 0.53137216 0.99632099 0.30230405 0.54218454 0.52843536 0.30904703 0.41055898 0.42556684 0.44723368 0.53137216 0.75638827 0.43864119 0.56680792
0.45753029 0.26729654 0.56503201 0.01954790 0.02136775 0.01364174 0.00963014 0.01591147 0.01795007 0.43711632 0.46800709 0.49563275 0.25948429 0.86118355 0.81652094 0.51257115 0.48045768 0.52498499 0.43711632 0.46800709 0.49563275 0.74632144 0.43624474 0.57832187
0.44562369 0.27425686 0.56892875 0.00402755 0.01878909 0.00633175 0.02128691 0.00466498 0.02045446 0.39263757 0.42061164 0.50621638 0.97900773 0.19864010 0.61024544 0.52887720 0.50023712 0.51201241 0.39263757 0.42061164 0.50621638 0.76466332 0.43991561 0.59320339
0.44829304 0.27222873 0.57155236 0.00342566 0.00493712 0.00955678 0.00129634 0.00666323 0.00392593 0.44394134 0.46465470 0.51150391 0.90839715 0.49515557 0.69515097 0.52155986 0.49340283 0.52702270 0.44394134 0.46465470 0.51150391 0.74646522 0.43410116 0.58614369
0.49236355 0.30209210 0.60673386 0.01424333 0.03127634 0.02219984 0.01640613 0.02522354 0.01632886 0.44595445 0.46545681 0.51870003 0.94333898 0.06308205 0.39582735 0.52097864 0.44459960 0.48850082 0.44595445 0.46545681 0.51870003 0.75022808 0.41381426 0.58360619
0.38139673 0.26704442 0.54335714 0.71442111 0.74967578 0.50359135 0.37247605 0.66918200 0.59623616 0.46463404 0.39426903 0.51105748 0.96940869 0.10938757 0.44657992 0.64635662 0.84354255 0.48343460 0.46463404 0.39426903 0.51105748 0.77208502 0.51826504 0.69236060
0.34597071 0.17062265 0.51654711 0.61900148 0.65590023 0.33210701 0.35705007 0.32838904 0.56787775 0.53413942 0.41122401 0.52768056 0.99493921 0.27245720 0.49008132 0.46668158 0.86810074 0.41341749 0.53413942 0.41122401 0.52768056 0.78868055 0.39439778 0.47699252
0.45492438 0.28081133 0.57190563 0.00142484 0.00683420 0.00426020 0.00376409 0.00202870 0.00327599 0.44114431 0.47033214 0.50626098 0.99104315 0.17117596 0.53609107 0.52279078 0.48256759 0.51543211 0.44114431 0.47033214 0.50626098 0.74548975 0.43552975 0.58374014
0.46056335 0.32798133 0.47887200 0.00571525 0.04512577 0.03766921 0.03962404 0.02751691 0.05177063 0.58943519 0.69769156 0.37372848 0.99839912 0.26161755 0.48247351 0.52570947 0.45447160 0.53603409 0.58943519 0.69769156 0.37372848 0.71063105 0.42149930 0.61620541
0.46156087 0.27331530 0.57168995 0.00194260 0.00580347 0.00684284 0.00308145 0.00263209 0.00287539 0.44633601 0.46261754 0.51070936 0.96290773 0.18149306 0.35900854 0.52319126 0.47313414 0.50889668 0.44633601 0.46261754 0.51070936 0.74159954 0.43614441 0.58062527
0.46543814 0.26329625 0.56563341 0.00517716 0.00968772 0.00570774 0.00356659 0.00925903 0.00476281 0.44444906 0.47311983 0.51164370 0.84467007 0.58554535 0.72412620 0.52034269 0.49698369 0.51336851 0.44444906 0.47311983 0.51164370 0.74222589 0.43039593 0.58162132
0.43062203 0.26196186 0.56421017 0.01454320 0.00803601 0.00578615 0.00961925 0.01492177 0.04067891 0.47901674 0.41791797 0.52501208 0.15207368 0.83693477 0.83884460 0.53443236 0.49381895 0.52239983 0.47901674 0.41791797 0.52501208 0.73691413 0.43703926 0.54191748
0.47120929 0.26744058 0.58516403 0.00778434 0.04778155 0.01565474 0.04304982 0.02908016 0.01131255 0.43066708 0.49116388 0.51461335 0.97325649 0.24244336 0.36330900 0.52205236 0.51231810 0.53323082 0.43066708 0.49116388 0.51461335 0.71614916 0.46189179 0.58132442
0.44312051 0.26630678 0.54619500 0.01224871 0.01935481 0.03624811 0.01985622 0.03889205 0.01756753 0.45028767 0.47246796 0.50873845 0.97754353 0.23921871 0.38003149 0.52111410 0.48225890 0.51737911 0.45028767 0.47246796 0.50873845 0.75375482 0.44688915 0.57510645
0.48011753 0.27684582 0.56337750 0.01655965 0.01331593 0.02122576 0.02536496 0.03500422 0.03239935 0.47592890 0.37133888 0.54431735 0.41961893 0.65083144 0.92175553 0.52472405 0.49181214 0.51716811 0.47592890 0.37133888 0.54431735 0.72313673 0.47149423 0.55105198
0.37003529 0.17226657 0.62477815 0.36293856 0.42817034 0.39058555 0.29433680 0.27290104 0.31378680 1.00000000 0.25227527 0.48742368 0.99331531 0.23529072 0.54174368 0.48847014 0.64044620 0.47538554 1.00000000 0.25227527 0.48742368 0.85049297 0.26385926 0.60034678
0.45456655 0.25502410 0.54681886 0.00179756 0.02122918 0.00572763 0.00653434 0.00619183 0.01228710 0.44801806 0.47495609 0.50617174 0.99514439 0.21229803 0.54200886 0.52342188 0.50869488 0.52465908 0.44801806 0.47495609 0.50617174 0.74252253 0.43020446 0.56573272
0.45642960 0.25622070 0.54503453 0.00268881 0.00860657 0.00991016 0.00761353 0.00775107 0.00256405 0.44677489 0.47009912 0.51246802 1.00000000 0.30709149 0.49624341 0.52063649 0.48594682 0.51939971 0.44677489 0.47009912 0.51246802 0.74387634 0.43454344 0.58147060
0.48362302 0.29360664 0.67762339 0.03221676 0.02053071 0.09957876 0.08571071 0.01630773 0.06110672 0.32882145 0.49434596 0.55318293 0.33699995 0.96057387 0.35418679 0.54564850 0.49176485 0.50744329 0.32882145 0.49434596 0.55318293 0.73395581 0.43150427 0.54784989
0.45437386 0.27939322 0.53075931 0.00676453 0.02752292 0.03171267 0.01518782 0.01635655 0.02130754 0.44806534 0.47127065 0.51499352 0.99762850 0.28836442 0.45748738 0.53067635 0.46589608 0.52263119 0.44806534 0.47127065 0.51499352 0.75102141 0.43779154 0.57624223
0.43901534 0.17207439 0.55897802 0.48641647 0.62845533 0.39293702 0.30445928 0.30961566 0.38356775 0.85527620 0.46877463 0.30014892 0.97588414 0.27114639 0.37195003 0.37255629 0.44939274 0.47605238 0.85527620 0.46877463 0.30014892 0.64443339 0.38197797 0.61109834
0.44639142 0.24688732 0.51478923 0.66057432 0.71433239 0.40609963 0.47424766 0.28669747 0.61985763 0.39657894 0.55494423 0.49838267 0.98434870 0.15348975 0.54555771 0.29222939 0.54812170 0.69417434 0.39657894 0.55494423 0.49838267 0.60474891 0.54606268 1.00000000
0.45738491 0.26892612 0.55712759 0.01622707 0.03871695 0.03987857 0.04324802 0.04534458 0.04111598 0.42515734 0.45482109 0.51119189 0.99204149 0.20725584 0.55912499 0.53046615 0.47181382 0.51727822 0.42515734 0.45482109 0.51119189 0.72445987 0.44510152 0.58029841
0.48357318 0.27447681 0.54909786 0.00996689 0.00653169 0.00542816 0.00557101 0.00638430 0.00657584 0.44699288 0.46344552 0.51075568 0.33993317 0.91268128 0.73111238 0.52104723 0.48260742 0.51593964 0.44699288 0.46344552 0.51075568 0.74613817 0.44011637 0.57953405
0.45598294 0.26740637 0.56900128 0.00172477 0.00399543 0.00395215 0.00151254 0.00188275 0.00129706 0.44461167 0.47042191 0.50921374 0.99365844 0.36029998 0.53342907 0.52722318 0.49010221 0.51870609 0.44461167 0.47042191 0.50921374 0.74602534 0.43756132 0.58222649
0.42470508 0.24701382 0.57145205 0.00998610 0.01034028 0.01313907 0.01512466 0.01009312 0.00504655 0.44081070 0.46562543 0.52387501 0.11822678 0.18779460 0.00075092 0.52341362 0.47592553 0.52269366 0.44081070 0.46562543 0.52387501 0.74943391 0.43808559 0.57020002
0.45209584 0.26617452 0.55842517 0.00718212 0.00607968 0.00534552 0.00044024 0.00189887 0.00390818 0.44476470 0.46840172 0.51175287 0.33072021 0.87155229 0.79756504 0.52704044 0.48288170 0.52221510 0.44476470 0.46840172 0.51175287 0.74447102 0.43685281 0.58204578
0.46547168 0.30348630 0.61932960 0.01132345 0.04033031 0.02838903 0.06781765 0.04295773 0.06598753 0.30160555 0.57099811 0.50524657 0.98563532 0.14405006 0.49083919 0.51882703 0.44931908 0.53684457 0.30160555 0.57099811 0.50524657 0.73642991 0.43659378 0.59521734
0.45044546 0.29310010 0.57771439 0.00887445 0.03189313 0.00645757 0.02022413 0.01252316 0.02197430 0.44675550 0.47149854 0.50657044 0.99659997 0.30149866 0.55010644 0.53053130 0.43745813 0.52416196 0.44675550 0.47149854 0.50657044 0.74862126 0.44353152 0.59767350
0.40875012 0.29723075 0.60807687 0.01912002 0.06529996 0.03160469 0.02848345 0.02278927 0.03602982 0.44410164 0.47356617 0.50978869 0.91335098 0.49023677 0.68841479 0.54558062 0.40591609 0.50415460 0.44410164 0.47356617 0.50978869 0.74674445 0.45962830 0.58982094
0.45458113 0.27000980 0.57848839 0.00718751 0.01731866 0.01085544 0.01262458 0.01012484 0.00712786 0.42849364 0.47444872 0.50715912 0.99385230 0.18349178 0.50589375 0.52016192 0.48868611 0.52274743 0.42849364 0.47444872 0.50715912 0.74883842 0.43677890 0.57991328
0.45784434 0.26291088 0.59284852 0.01346204 0.02484676 0.02746338 0.01334248 0.02988284 0.02664373 0.44221158 0.46061554 0.51165620 0.99805090 0.28333503 0.45838020 0.51923152 0.49238335 0.51783829 0.44221158 0.46061554 0.51165620 0.73604775 0.43735838 0.56733624
0.45439159 0.26476634 0.55294691 0.00452225 0.00875127 0.01137342 0.00117495 0.00492465 0.00690947 0.44771475 0.46929403 0.52322393 0.96341692 0.43853691 0.61925222 0.52393334 0.49516853 0.52765966 0.44771475 0.46929403 0.52322393 0.74469155 0.43869160 0.57646468
0.49783330 0.30048457 0.46009295 0.01923835 0.08990014 0.10739888 0.10942084 0.06206540 0.07908106 0.29311621 0.59551328 0.44621708 0.98743334 0.17767075 0.55301075 0.52999586 0.56700995 0.59877217 0.29311621 0.59551328 0.44621708 0.80543730 0.47547623 0.57348742
0.45803587 0.26250791 0.55295504 0.00074823 0.00781361 0.00702023 0.00349292 0.00433467 0.00318793 0.44372799 0.46409589 0.51055427 0.99523766 0.22262172 0.53671878 0.52578102 0.48297290 0.51175452 0.44372799 0.46409589 0.51055427 0.74588168 0.43589239 0.57984853
0.54282804 0.42385434 0.77153783 0.07538138 0.28097367 0.32075962 0.23913868 0.10765137 0.26790874 0.44663065 0.28834773 0.53794069 0.99066031 0.30103284 0.47916080 0.47765486 0.28074892 0.29234047 0.44663065 0.28834773 0.53794069 0.77221214 0.42617758 0.61408330
0.33413295 0.25113458 0.52489743 0.72126207 0.57977833 0.59577813 0.33172741 0.30834548 0.59713569 0.40806261 0.46738073 0.51402201 0.99406292 0.21012900 0.48034985 0.53869659 0.59209191 0.85663471 0.40806261 0.46738073 0.51402201 0.62248995 0.50167503 0.80928528
0.47035843 0.11026788 0.56247262 0.68037978 1.00000000 0.83496250 0.44979576 0.69383355 1.00000000 0.42375203 0.53848827 0.55715866 0.94584879 0.21045514 0.32347133 0.58060228 0.43261803 0.56987495 0.42375203 0.53848827 0.55715866 0.92702468 0.00000000 0.00000000
0.50117735 0.28587627 0.49391308 0.04089768 0.08536043 0.04799515 0.05114745 0.03064627 0.08668090 0.45802227 0.58636608 0.48150615 0.98235461 0.14590067 0.48592987 0.49895668 0.40578885 0.49197018 0.45802227 0.58636608 0.48150615 0.74933693 0.45024730 0.63667308
0.51551117 0.21673416 0.55954772 0.67368556 0.60853417 0.72870194 0.36906101 0.66133823 0.79064670 0.43682778 0.46637445 0.51734474 0.88855772 0.12193379 0.26589883 0.10385851 0.50621528 0.61837838 0.43682778 0.46637445 0.51734474 0.63623256 0.13680689 0.04313045
0.46669331 0.26511970 0.55512721 0.00000000 0.00267085 0.00247384 0.00008626 0.00188410 0.00110001 0.44631438 0.47308477 0.50574546 0.84907045 0.55476862 0.73762849 0.52443911 0.48677300 0.51419045 0.44631438 0.47308477 0.50574546 0.74509816 0.43870660 0.57967780
0.49402322 0.27375866 0.55126118 0.01539718 0.02447971 0.01842340 0.01916625 0.03274343 0.01772609 0.44808243 0.44531843 0.51046274 0.40898459 0.73521510 0.89264732 0.53835078 0.49701120 0.50752927 0.44808243 0.44531843 0.51046274 0.74449342 0.45416155 0.58274447
0.44888826 0.26376246 0.58358112 0.81256854 0.67909604 0.59093447 0.45545280 0.45223397 0.57972168 0.35897593 0.51840747 0.54394692 0.93920446 0.06432842 0.40052821 0.43332794 0.41115403 0.75853483 0.35897593 0.51840747 0.54394692 0.78696318 0.40560588 0.68555929
0.45927393 0.25058162 0.57291283 0.00596963 0.01494270 0.01048359 0.00573040 0.00984688 0.01686486 0.44218959 0.46016269 0.51249168 0.99748269 0.28903082 0.45928138 0.52211029 0.48889053 0.51446593 0.44218959 0.46016269 0.51249168 0.74260233 0.43614598 0.57861486
0.62551834 0.25858535 0.59178523 0.89235302 0.78999852 0.57115957 0.41327304 0.81369689 0.70351845 0.43495245 0.51886009 0.51434177 0.97232933 0.10877406 0.44276998 0.33566945 0.21808121 0.52802777 0.43495245 0.51886009 0.51434177 0.77819310 0.30486851 0.51599690
0.39597585 0.28404091 0.52575882 0.03222533 0.04226359 0.05231698 0.05384600 0.05382447 0.07938389 0.43752465 0.37620552 0.58781584 0.23359008 0.99439508 0.55550844 0.51391955 0.44515513 0.51462404 0.43752465 0.37620552 0.58781584 0.74548943 0.44872145 0.54162016
0.46090171 0.27400426 0.56544266 0.00537273 0.00840789 0.01070273 0.00348790 0.00474000 0.01314825 0.44376436 0.46588821 0.50330825 0.94653578 0.16014019 0.32494049 0.52683923 0.49070165 0.51933222 0.44376436 0.46588821 0.50330825 0.74559727 0.43961259 0.56861652
0.46217897 0.27391187 0.52766194 0.02270139 0.02022282 0.03729104 0.01537278 0.03572228 0.07665208 0.44279243 0.48516270 0.50332166 0.83667708 0.66738850 0.63568978 0.51590854 0.49878410 0.53709984 0.44279243 0.48516270 0.50332166 0.74043606 0.44986161 0.58476208
0.46092137 0.26199010 0.56374033 0.01103527 0.01696171 0.01368614 0.01012720 0.00981287 0.00336714 0.44095051 0.46851761 0.51325933 0.44760233 0.61376662 0.93550920 0.52355167 0.47368010 0.51913734 0.44095051 0.46851761 0.51325933 0.74486499 0.43713809 0.57823272
0.35587355 0.19059244 0.52892152 0.61828011 0.67503359 0.30574791 0.31435424 0.33823754 0.49122463 0.46058439 0.40034722 0.53124192 0.98993602 0.17872205 0.54615679 0.71358458 0.75892923 0.40769314 0.46058439 0.40034722 0.53124192 0.82392132 0.36079720 0.69194091
0.44215714 0.32618313 0.54836297 0.52899394 0.63458180 0.26094674 0.31612695 0.28943130 0.50257721 0.43672324 0.47755408 0.52631526 0.98819872 0.17073254 0.54552300 0.61682896 0.45937610 0.54511903 0.43672324 0.47755408 0.52631526 0.66382744 0.41495900 0.53970796
0.56943282 0.37749764 0.59916671 0.84655736 0.70406569 0.58685300 0.52766102 0.57426736 0.67330236 0.41664728 0.48448804 0.51472572 0.93580381 0.06126396 0.39520661 0.54909950 0.33871618 0.60375191 0.41664728 0.48448804 0.51472572 0.56164896 0.45893329 0.57924644
0.45311072 0.27221919 0.56691446 0.00517573 0.00825479 0.00554047 0.00049398 0.00366585 0.00743730 0.45698365 0.48684228 0.53537985 0.94546820 0.50609550 0.59679537 0.52236197 0.48272692 0.51927313 0.45698365 0.48684228 0.53537985 0.74367194 0.43728328 0.57907019
0.46136406 0.25964262 0.55534362 0.00652047 0.01471140 0.01882336 0.00100210 0.01185387 0.00786788 0.44382063 0.45976841 0.51507721 0.97434048 0.40078352 0.61059079 0.52577949 0.47901124 0.50479763 0.44382063 0.45976841 0.51507721 0.74335151 0.44349178 0.57792590
0.47169221 0.21738823 0.53409114 0.00696290 0.02764585 0.02876188 0.01615635 0.02500647 0.04377404 0.44743715 0.47223143 0.50760944 0.99397247 0.37488490 0.51756201 0.52289356 0.50103455 0.53356027 0.44743715 0.47223143 0.50760944 0.75335442 0.45007794 0.53973067
0.45065065 0.26304325 0.56664029 0.00208833 0.00950733 0.01386936 0.00736844 0.00483065 0.00475244 0.44668699 0.46745660 0.50749745 0.98775876 0.15360687 0.51537531 0.52697528 0.48931616 0.51931831 0.44668699 0.46745660 0.50749745 0.74258523 0.44175845 0.57695811
0.45661153 0.27440162 0.55592271 0.00242721 0.00687067 0.00278254 0.00331970 0.00297792 0.00314415 0.44323175 0.46548203 0.50977291 0.97344285 0.10218323 0.47109208 0.52169717 0.48270213 0.51536019 0.44323175 0.46548203 0.50977291 0.74197847 0.43730262 0.58438216
0.46090306 0.26260823 0.53412911 0.00671710 0.01015039 0.01187010 0.00712531 0.01051136 0.01002115 0.43976271 0.46712537 0.50147071 0.23331871 1.00000000 0.48987810 0.52126105 0.48880493 0.52991262 0.43976271 0.46712537 0.50147071 0.74546854 0.44118915 0.58114613
0.48517381 0.28646091 0.58917263 0.01192218 0.02846123 0.01318330 0.01461303 0.01616569 0.01487913 0.43450923 0.48848373 0.49746129 0.93953288 0.06743835 0.37943742 0.53008051 0.51936683 0.52100064 0.43450923 0.48848373 0.49746129 0.73826587 0.42913841 0.58397882
0.45146487 0.27938177 0.56841013 0.00481441 0.02173283 0.01106228 0.01853402 0.00652396 0.00692320 0.44353459 0.46836830 0.51126753 0.99636553 0.33292616 0.53957164 0.52259370 0.49674670 0.51347339 0.44353459 0.46836830 0.51126753 0.74376241 0.43214890 0.58252246
0.45121403 0.27583841 0.54786027 0.00386698 0.00728752 0.00952399 0.00834171 0.00492444 0.00773974 0.47175066 0.45697360 0.50359293 0.99199387 0.35994909 0.45421065 0.52219303 0.48128871 0.51949098 0.47175066 0.45697360 0.50359293 0.74151148 0.44211293 0.58700397
1.00000000 0.54342202 1.00000000 0.25762555 0.29012774 0.45392300 0.01641622 0.03232239 0.05691350 0.49365674 0.38419102 0.56735478 0.93200746 0.19460825 0.32371744 0.31849694 0.15981811 0.18724745 0.49365674 0.38419102 0.56735478 0.73210592 0.40985675 0.62317661
0.44264023 0.26880523 0.67999129 0.02171316 0.05386488 0.07734136 0.04681467 0.05840455 0.03705735 0.45792525 0.57387128 0.51128393 0.99559797 0.19398190 0.49664841 0.52174413 0.46540656 0.55581685 0.45792525 0.57387128 0.51128393 0.73117546 0.41480204 0.57135228
0.43129341 0.20873536 0.64001360 0.83045601 0.70830828 0.66248334 0.66828364 0.59145893 0.72773455 0.31084232 0.63098033 0.57750544 0.97585664 0.14469562 0.47907594 0.25438778 0.17879498 0.49332973 0.31084232 0.63098033 0.57750544 0.79790910 0.21014305 0.36874289
0.45383344 0.27708244 0.56256912 0.00149140 0.01033069 0.00487693 0.00866383 0.00242430 0.00798005 0.44247132 0.46845468 0.51142609 0.99904757 0.24793786 0.50326301 0.52547987 0.47914141 0.50718503 0.44247132 0.46845468 0.51142609 0.74998677 0.43902691 0.57512998
0.45028333 0.28167489 0.57352766 0.01272766 0.01959745 0.01856980 0.00593571 0.00870216 0.02056535 0.44319563 0.47303906 0.50739596 0.99053620 0.36864911 0.54939582 0.52753480 0.48864506 0.51192518 0.44319563 0.47303906 0.50739596 0.74285810 0.43642227 0.58571545
0.50903156 0.37056832 0.54376745 0.05138104 0.12709988 0.04810099 0.06573291 0.07918467 0.08556870 0.49486142 0.40880755 0.53074728 0.23317131 0.45047173 1.00000000 0.54515250 0.59388946 0.50289742 0.49486142 0.40880755 0.53074728 0.74331863 0.34328068 0.67912982
0.40561763 0.26387726 0.59055224 0.39777326 0.44632344 0.51930887 0.23180391 0.46660384 0.47297429 0.44220717 0.46394687 0.52673541 0.92593078 0.13908051 0.30546438 0.49727014 0.59520780 0.53176044 0.44220717 0.46394687 0.52673541 0.71414004 0.47466339 0.54824865
0.45375704 0.27069722 0.57282093 0.00388039 0.01736168 0.01129231 0.00967561 0.01542673 0.02350677 0.42013964 0.48912834 0.51552586 0.98975765 0.37306055 0.54779032 0.52147054 0.48449844 0.50913080 0.42013964 0.48912834 0.51552586 0.74840219 0.42549758 0.60047300
0.53231130 0.22352315 0.55653949 0.58423476 0.44621299 0.48252884 0.32903042 0.56515240 0.49303153 0.44586917 0.47987273 0.53517015 0.99273560 0.20190951 0.48521862 0.71747248 0.42643040 0.64948326 0.44586917 0.47987273 0.53517015 0.79412578 0.68992041 0.55554647
0.44894713 0.26965921 0.56319640 0.00116547 0.00779069 0.00477252 0.00515589 0.00480547 0.00438433 0.44577836 0.46861010 0.51098067 0.98881096 0.19087871 0.56760810 0.52375758 0.48161061 0.51900875 0.44577836 0.46861010 0.51098067 0.74290029 0.44285621 0.57985315
0.45371247 0.27120480 0.57722212 0.02471751 0.03008499 0.01447344 0.01023762 0.01171276 0.04063581 0.44373344 0.47050852 0.51146274 0.91135786 0.60216696 0.54683777 0.53373658 0.47275478 0.51552841 0.44373344 0.47050852 0.51146274 0.74181370 0.44127646 0.57750127
0.44099162 0.27772735 0.56480152 0.04188763 0.01814634 0.00455084 0.00589734 0.01362353 0.00478582 0.44444343 0.49187162 0.51077559 0.14394608 0.60891605 0.96246198 0.48808466 0.46394028 0.52019042 0.44444343 0.49187162 0.51077559 0.74058411 0.43638354 0.57933403
0.47034963 0.26024973 0.50738496 0.01114775 0.02216031 0.01611343 0.02456935 0.01653372 0.03490381 0.43017152 0.46581444 0.50847184 0.99224670 0.18177432 0.52572196 0.51810268 0.50971274 0.52722635 0.43017152 0.46581444 0.50847184 0.75239440 0.43239335 0.60205914
0.64138008 0.22057624 0.51994250 0.82601618 0.61982979 0.61089044 0.38171413 0.55732721 0.44880781 0.44377723 0.46697995 0.47986008 0.99535497 0.22964383 0.53316984 0.20641936 0.23261157 0.45316128 0.44377723 0.46697995 0.47986008 0.62303947 0.79222095 0.70725589
0.45205830 0.27246067 0.56451699 0.00529387 0.01613334 0.01653596 0.00516568 0.01189288 0.01880987 0.44531152 0.44716861 0.52465665 0.99136068 0.36549106 0.55017269 0.52212057 0.49929709 0.51331618 0.44531152 0.44716861 0.52465665 0.74454589 0.44558869 0.56120498
0.43684273 0.23229034 0.58951411 0.02158569 0.06614911 0.06599863 0.08161440 0.05300236 0.06194659 0.52102157 0.39548267 0.50027715 0.98239564 0.13653164 0.46853991 0.55103540 0.55652808 0.47231713 0.52102157 0.39548267 0.50027715 0.72786996 0.37263327 0.53013631
0.45077300 0.26353913 0.56041710 0.01364689 0.01124089 0.01833296 0.01629461 0.01528083 0.02784855 0.43550952 0.45108731 0.49951079 0.38127694 0.94488800 0.33326477 0.53071967 0.49143890 0.51473333 0.43550952 0.45108731 0.49951079 0.74808547 0.43750089 0.58137667
0.45000020 0.26783915 0.56856259 0.00193474 0.01110311 0.01160509 0.00452634 0.00377849 0.01850643 0.42679704 0.44761736 0.56658706 0.99355676 0.38008844 0.52095390 0.53032657 0.49125212 0.52327069 0.42679704 0.44761736 0.56658706 0.74643798 0.44200597 0.55960093
0.32008248 0.22765649 0.61816423 0.04597862 0.03879914 0.02229524 0.01645376 0.03486981 0.11550099 0.42462625 0.27379621 0.72443081 0.21342436 0.71446111 0.91676344 0.49841113 0.53154472 0.51555577 0.42462625 0.27379621 0.72443081 0.75224354 0.45329136 0.49341099
0.41116630 0.32157219 0.54265873 0.74341271 0.68467228 0.49149175 0.42645609 0.61034326 0.66192525 0.71840221 0.29048260 0.51997537 0.98355764 0.13649175 0.48659562 0.65234361 0.92732133 0.61184367 0.71840221 0.29048260 0.51997537 0.68232014 0.47400900 0.39761619
0.50459778 0.21305771 0.60931857 0.02044969 0.11608891 0.04917082 0.10177531 0.02534803 0.11364527 0.69913643 0.43753874 0.26773948 0.12912954 0.03314085 0.03159414 0.51297147 0.35202068 0.52983933 0.69913643 0.43753874 0.26773948 0.69438028 0.44726518 0.67204186
0.46517094 0.27972111 0.56717685 0.01219330 0.01555379 0.02778478 0.00454927 0.01218052 0.01746840 0.45168088 0.38000330 0.56106653 0.97384804 0.23229577 0.37326474 0.53547337 0.50492717 0.53920005 0.45168088 0.38000330 0.56106653 0.74093463 0.44777477 0.56367009
0.45047507 0.29571976 0.58221081 0.00893492 0.04071091 0.02395379 0.00955798 0.01692303 0.02151436 0.45017323 0.48703481 0.48750258 0.99524297 0.36914373 0.51408881 0.51737746 0.53039510 0.52321561 0.45017323 0.48703481 0.48750258 0.74675961 0.43123966 0.57584179
0.45420097 0.26313522 0.55157426 0.00258300 0.01198233 0.01397076 0.00521226 0.00308973 0.00783259 0.43435081 0.48348895 0.51629310 0.99335750 0.18060669 0.51904530 0.52193549 0.48299899 0.53555123 0.43435081 0.48348895 0.51629310 0.74027400 0.43938271 0.57578137
0.45519108 0.28654550 0.59566326 0.00106135 0.00876209 0.01063085 0.00585347 0.00808522 0.00720829 0.44284765 0.47910059 0.51064590 0.99628714 0.24343934 0.54715227 0.52464805 0.48749492 0.53240580 0.44284765 0.47910059 0.51064590 0.74175170 0.43952407 0.58704329
0.43081300 0.25414447 0.53670204 0.04223940 0.03656504 0.04677248 0.03693583 0.04954353 0.05962509 0.45004435 0.44946111 0.51566502 0.92409605 0.16541611 0.28855854 0.53375441 0.48516768 0.52265130 0.45004435 0.44946111 0.51566502 0.71361597 0.44116390 0.60044345
0.43199526 0.26381818 0.57478853 0.00773019 0.01107588 0.00687219 0.00460843 0.00444010 0.00648485 0.44139768 0.47894592 0.51331670 0.34150226 0.91404012 0.72902108 0.52697530 0.48695235 0.51645146 0.44139768 0.47894592 0.51331670 0.74363012 0.43455809 0.58035412
0.43919739 0.25006211 0.56041377 0.05576731 0.16269196 0.06086864 0.11085283 0.07521153 0.12189442 0.53349945 0.63624989 0.41663541 0.97930654 0.13322903 0.55909012 0.52057134 0.41716884 0.51101061 0.53349945 0.63624989 0.41663541 0.74065232 0.41095457 0.62060826
0.50399552 0.36667727 0.53180685 0.04073607 0.06913829 0.05879272 0.09877917 0.05263113 0.06350114 0.36944471 0.47819456 0.50518695 0.96981116 0.07884911 0.45970817 0.54905482 0.52782452 0.45478024 0.36944471 0.47819456 0.50518695 0.76926406 0.45267527 0.53369540
0.43302640 0.25484543 0.55049634 0.01888623 0.03880611 0.02632647 0.03167689 0.02609657 0.02834110 0.44845270 0.47176625 0.50683354 0.92119509 0.16487241 0.28386628 0.53311053 0.50156531 0.54278667 0.44845270 0.47176625 0.50683354 0.76814663 0.41102112 0.59164897
0.84277962 1.00000000 0.35320505 0.26939766 0.49009088 0.22261916 0.17513923 0.12508389 0.24048972 0.37415674 0.19248625 1.00000000 0.19320368 0.60051524 0.95126518 0.34688838 0.00000000 0.57930605 0.37415674 0.19248625 1.00000000 0.85294228 0.46073345 0.41298903
0.43526069 0.22742010 0.62956545 0.05323952 0.07538740 0.07785730 0.08428673 0.04063303 0.06049742 0.48604271 0.52045402 0.49255677 0.98291304 0.13153759 0.53853057 0.57306792 0.52494432 0.44969441 0.48604271 0.52045402 0.49255677 0.71417776 0.42839991 0.59075844
0.42519633 0.23845801 0.57011633 0.00240726 0.05673432 0.04467074 0.05099157 0.00964875 0.06889532 0.28112593 0.57110944 0.37942707 0.99674036 0.22448071 0.45213323 0.52545998 0.55259575 0.47416851 0.28112593 0.57110944 0.37942707 0.79317180 0.42681817 0.63995626
0.54151322 0.22250379 0.53063510 0.71633827 0.73749060 0.48236363 0.34122672 0.37717573 0.52836504 0.41859828 0.46851274 0.54534039 0.97586286 0.14719341 0.42502604 0.37623932 0.41915837 0.43287802 0.41859828 0.46851274 0.54534039 0.68261672 0.49006752 0.43287547
0.45274128 0.26694385 0.53934552 0.00727752 0.01082369 0.01452157 0.00597421 0.00769482 0.00613007 0.44284180 0.41774592 0.51374384 0.99554441 0.24282621 0.55734526 0.52883178 0.49675185 0.52426649 0.44284180 0.41774592 0.51374384 0.74293672 0.44366011 0.58175438
0.32100701 0.19509602 0.62440225 0.80649756 0.81700428 0.45523247 0.58381364 0.48203611 0.52531873 0.68847756 0.38857554 0.44410002 0.98929151 0.14177086 0.48014063 0.86438560 0.76430809 0.61619536 0.68847756 0.38857554 0.44410002 0.54348710 0.42073727 0.51410969
0.46334904 0.26765638 0.55581663 0.00361177 0.00365865 0.01207543 0.00167615 0.01098873 0.00325046 0.44647780 0.46625729 0.50721429 0.89545686 0.56580293 0.66549341 0.52558083 0.48179615 0.49652898 0.44647780 0.46625729 0.50721429 0.74253783 0.44527237 0.57665208
0.45107049 0.26661338 0.55833028 0.00397602 0.00528070 0.00779860 0.00176166 0.00659817 0.01770568 0.44203940 0.46253545 0.52163813 0.88664004 0.61527690 0.61205060 0.52070123 0.48750072 0.51007906 0.44203940 0.46253545 0.52163813 0.74744691 0.44208956 0.56109066
0.33300938 0.33751333 0.54349596 0.81109004 0.74626128 0.56032702 0.44175611 0.69156095 0.61587844 0.49324709 0.36397485 0.52089769 0.98794123 0.14343437 0.48557272 0.86297699 0.87394456 0.43313668 0.49324709 0.36397485 0.52089769 0.55334901 0.48248675 0.50176640
0.48616181 0.21682428 0.61891662 0.45223068 0.45802132 0.54901280 0.29216256 0.56196014 0.53657020 0.53294955 0.48182474 0.44429552 0.91758636 0.13861456 0.30115690 0.61719307 0.61047133 0.62403353 0.53294955 0.48182474 0.44429552 0.83897812 0.36315731 0.64362994
0.54227797 0.00000000 0.45553025 0.05560845 0.09725664 0.22470233 0.03619164 0.04655513 0.09594531 0.18527438 0.62868020 0.25015324 0.98769551 0.25858265 0.47406934 0.49381676 0.59671058 0.68050397 0.18527438 0.62868020 0.25015324 0.74186127 0.38670039 0.63762100
0.75639261 0.28007559 0.57280924 0.87291323 0.60557338 0.60017478 0.40141748 0.59442755 0.56739735 0.11589720 0.83150956 0.63000910 0.94226640 0.06998663 0.38922916 0.30585380 0.35233185 0.54353785 0.11589720 0.83150956 0.63000910 0.72983604 0.49133635 0.85072474
0.31702498 0.30528056 0.61762648 0.73853109 0.84659500 0.45104548 0.61102471 0.48646817 0.49110392 0.33733756 0.52734084 0.53351122 0.99036660 0.13214524 0.49720752 0.61951213 0.88661410 0.71852774 0.33733756 0.52734084 0.53351122 0.72243765 0.23063514 0.75342411
0.43898455 0.24518794 0.57638074 0.00613910 0.01436710 0.00929831 0.01633882 0.00897381 0.01751189 0.43008310 0.49636194 0.51168364 0.97222049 0.09039379 0.54380754 0.52307654 0.49284048 0.51836637 0.43008310 0.49636194 0.51168364 0.73103522 0.43106525 0.59802621
0.45227330 0.26621476 0.56523515 0.00384261 0.00374163 0.00362824 0.00122448 0.00000000 0.00328031 0.44480198 0.46925209 0.51076641 0.41774769 0.96266128 0.59325303 0.51996341 0.49216856 0.51967817 0.44480198 0.46925209 0.51076641 0.74620932 0.43705162 0.58106336
0.46024446 0.26100769 0.55617156 0.00349956 0.00690692 0.00982253 0.00341104 0.00444431 0.00462054 0.44520560 0.46857934 0.51278986 0.95358382 0.23465075 0.67586981 0.52455385 0.48984518 0.51456245 0.44520560 0.46857934 0.51278986 0.74343178 0.43966595 0.58320162
0.39686164 0.27295113 0.57099234 0.04164551 0.02738238 0.02862905 0.04423339 0.05564805 0.08414695 0.43322460 0.43948034 0.56962134 0.30778022 0.75539481 0.89265126 0.54355592 0.47445168 0.49975932 0.43322460 0.43948034 0.56962134 0.70443791 0.47610507 0.54129945
0.55384431 0.26185929 0.50724777 0.09327082 0.05780498 0.08944255 0.06600772 0.08254040 0.14635277 0.48700212 0.30160482 0.72612072 0.22150270 0.99710372 0.56382252 0.47176134 0.52271563 0.55409289 0.48700212 0.30160482 0.72612072 0.70335358 0.47693371 0.46429981
0.48320796 0.25262159 0.53592484 0.01133638 0.02136697 0.01247106 0.00759134 0.01820429 0.02068483 0.44350498 0.46545282 0.51280431 0.88933673 0.61471989 0.60429682 0.52431823 0.48178423 0.52113221 0.44350498 0.46545282 0.51280431 0.74118879 0.44384793 0.57167800
0.46018034 0.26350473 0.56987105 0.00004176 0.00890463 0.01327153 0.00616783 0.01284817 0.02973633 0.45842773 0.52453821 0.47665079 0.99560766 0.20407259 0.47146843 0.52452387 0.48980173 0.52610283 0.45842773 0.52453821 0.47665079 0.73832203 0.42149681 0.60779692
0.45790112 0.27242984 0.56112601 0.02216327 0.03548335 0.02516305 0.01871733 0.03896992 0.02610742 0.45093406 0.47894226 0.51543444 0.99048752 0.25500842 0.41732392 0.52141663 0.49370209 0.52123686 0.45093406 0.47894226 0.51543444 0.73103600 0.43355302 0.58423819
0.44054124 0.33581880 0.60478096 0.58686249 0.55786764 0.50467529 0.27834111 0.48836481 0.52404410 0.49861306 0.38754877 0.46374809 0.96791892 0.16952908 0.39084787 0.64092458 0.43466016 0.22700887 0.49861306 0.38754877 0.46374809 0.60868728 0.12271634 0.55026163
0.22019471 0.18249297 0.55805142 0.82042751 0.77154766 0.58542878 0.56668266 0.78646171 0.64246366 0.71492975 0.33617476 0.39453801 0.96488163 0.08830580 0.42694924 0.66608556 0.77885934 0.65453682 0.71492975 0.33617476 0.39453801 0.89426141 0.04979650 0.60069675
0.44050372 0.31589298 0.64793450 0.02387137 0.05938195 0.11320436 0.02549437 0.06287277 0.05859646 0.43782526 0.47155286 0.50867848 0.99832772 0.31786328 0.50871931 0.52519633 0.46989200 0.50094971 0.43782526 0.47155286 0.50867848 0.74483487 0.43537069 0.58061208
0.47462601 0.17314364 0.52440655 0.05005934 0.04267675 0.07867706 0.11384595 0.08968573 0.05903425 0.43323445 0.39261160 0.52635098 0.99368831 0.27342928 0.56616135 0.52107786 0.51736137 0.51372984 0.43323445 0.39261160 0.52635098 0.74203988 0.46892905 0.59350871
0.45865066 0.27851030 0.57545129 0.00903876 0.01408523 0.01885646 0.00818601 0.02185111 0.01021219 0.46163688 0.44953932 0.52912131 0.99333920 0.37185650 0.47062284 0.52849163 0.49300136 0.51634576 0.46163688 0.44953932 0.52912131 0.74261727 0.44425443 0.57383885
0.46148499 0.21572026 0.55952938 0.00438785 0.05267038 0.01934517 0.00465353 0.01034431 0.01821484 0.44826389 0.39606743 0.57110714 0.97412149 0.39228407 0.61587759 0.52519077 0.54269613 0.53003311 0.44826389 0.39606743 0.57110714 0.74516940 0.44772741 0.56455850
0.83467770 0.18219347 0.00000000 0.30305859 0.22570128 0.64624678 0.06680697 0.05634482 0.09839184 0.19447247 1.00000000 0.00000000 0.96499807 0.35735332 0.60819847 0.29001187 0.72456215 1.00000000 0.19447247 1.00000000 0.00000000 0.78169739 0.45631826 0.62749979
0.41803738 0.26395989 0.52071392 0.54863922 0.52055951 0.45629029 0.32067396 0.25247474 0.41846253 0.39229285 0.45633864 0.53846292 0.97901269 0.13498156 0.44580887 0.53883784 0.57084226 0.57319013 0.39229285 0.45633864 0.53846292 0.79314867 0.40476229 0.59598646
0.46775313 0.28545278 0.57403447 0.02297673 0.03313564 0.01765463 0.02983895 0.03688965 0.04283222 0.42808770 0.47063475 0.52550917 0.97221552 0.09215927 0.54807853 0.52399094 0.46781693 0.51370792 0.42808770 0.47063475 0.52550917 0.71755730 0.46866018 0.56447672
0.36637899 0.25185254 0.56604817 0.03756180 0.01831408 0.01003315 0.01391516 0.02906651 0.00846821 0.43469049 0.48473071 0.49589221 0.20699807 0.56952828 0.97450921 0.49828139 0.48311984 0.51172346 0.43469049 0.48473071 0.49589221 0.73354710 0.45495500 0.57674411
0.41305030 0.14361528 0.58340009 0.82011130 0.64829838 0.58653779 0.49679878 0.58130563 0.55988517 0.58424881 0.25810208 0.51108033 0.98080680 0.14493625 0.48293703 0.23475823 0.86312785 0.20854825 0.58424881 0.25810208 0.51108033 1.00000000 0.44466830 0.54362958
0.45530634 0.26567903 0.57142086 0.00341906 0.00785724 0.00363241 0.00295848 0.00496531 0.00376602 0.44766824 0.47056788 0.50726482 0.91653079 0.55059950 0.62173592 0.52426618 0.49036234 0.51489731 0.44766824 0.47056788 0.50726482 0.74344346 0.43464286 0.57808888
0.43544846 0.17382719 0.59935234 0.74249689 0.90777958 0.77504302 0.44405507 0.61234923 0.82501906 0.71851275 0.40635408 0.43079644 0.95283078 0.21222910 0.33100979 0.42347811 0.12801802 0.21929554 0.71851275 0.40635408 0.43079644 0.86144284 0.43706004 0.59200443
0.45324205 0.26314095 0.56364827 0.00263586 0.00545328 0.00334189 0.00232349 0.00491106 0.00157336 0.44445459 0.47020532 0.51383919 0.96037049 0.20565093 0.65553636 0.52589011 0.48776537 0.51706752 0.44445459 0.47020532 0.51383919 0.74430870 0.43490634 0.57839988
0.45340616 0.26900629 0.56642811 0.00799048 0.00772016 0.01486867 0.00987910 0.00280464 0.01042221 0.43999045 0.47323451 0.50999520 0.38213093 0.94490767 0.33334853 0.52244523 0.49299738 0.52783152 0.43999045 0.47323451 0.50999520 0.74041313 0.43886252 0.57049786
0.27363899 0.19244765 0.61451491 0.58478035 0.62791283 0.46608035 0.38589635 0.39930762 0.43829043 0.00000000 0.87621799 0.68771549 0.93817010 0.07014819 0.37763866 0.70257835 0.25998758 0.69710189 0.00000000 0.87621799 0.68771549 0.75623725 0.38336612 0.49365072
0.39949742 0.34015152 0.57779860 0.03661487 0.03819868 0.04882581 0.02542643 0.03627203 0.02493023 0.47791845 0.64243849 0.45935013 0.91424540 0.46586594 0.70080194 0.49663129 0.52812501 0.55066001 0.47791845 0.64243849 0.45935013 0.72234141 0.41195477 0.58458232
0.70439900 0.10411759 0.75712838 0.03828223 0.07844510 0.04555124 0.01812302 0.01628508 0.01855369 0.39223736 0.66137670 0.57662439 0.96275908 0.39110263 0.38878668 0.49692090 0.56300238 0.52312930 0.39223736 0.66137670 0.57662439 0.74891232 0.41868239 0.56627323
0.40427567 0.26483960 0.56235407 0.50158967 0.52446620 0.25643008 0.30847380 0.30122001 0.39448500 0.54208424 0.41100083 0.53860286 0.98180652 0.17185008 0.58934500 0.56704584 0.76213627 0.47515354 0.54208424 0.41100083 0.53860286 0.85811868 0.52743892 0.64898655
0.45541367 0.26924302 0.56895607 0.00222754 0.00357387 0.00412595 0.00097066 0.00477940 0.00527515 0.44449884 0.46677096 0.50951007 0.98701263 0.29914277 0.59813358 0.52307343 0.48483336 0.52075102 0.44449884 0.46677096 0.50951007 0.74307668 0.43667528 0.58026671
0.52880006 0.31208443 0.52231731 0.06479344 0.03315013 0.02335865 0.04719234 0.05350036 0.11956568 0.66424936 0.22932947 0.72381987 0.25669212 0.52818709 0.98582393 0.55850514 0.48746218 0.53906785 0.66424936 0.22932947 0.72381987 0.69799870 0.49113840 0.47823017
0.33986610 0.16495916 0.46995460 0.09178656 0.07362354 0.10774828 0.09605532 0.11684784 0.15309663 0.43653544 0.46324617 0.54012237 0.93972760 0.14503867 0.31986595 0.54273557 0.46410236 0.47903392 0.43653544 0.46324617 0.54012237 0.68042795 0.46946608 0.47482090
0.45347505 0.26684494 0.56844443 0.00569158 0.00748041 0.00434881 0.00000000 0.00193972 0.00416655 0.44505751 0.46617043 0.51208290 0.37966867 0.84939881 0.79540712 0.52622143 0.48460939 0.51340189 0.44505751 0.46617043 0.51208290 0.74525659 0.43672817 0.58209607
0.53590585 0.24691689 0.57679990 0.02443289 0.01147328 0.01017099 0.02041435 0.01194001 0.09728637 0.50993617 0.44643842 0.63085682 0.45477854 0.87059991 0.74537120 0.50399378 0.50180606 0.50995022 0.50993617 0.44643842 0.63085682 0.72441205 0.44924669 0.49894911
0.47168921 0.27264335 0.54938161 0.00838149 0.03429668 0.00849110 0.01506233 0.01674099 0.03888630 0.43582810 0.46363009 0.51170251 0.95323287 0.23027746 0.67533788 0.52970723 0.46567103 0.51746744 0.43582810 0.46363009 0.51170251 0.74759816 0.43567995 0.59476757
0.61306379 0.26457985 0.61608200 0.78261286 0.69275693 0.53711451 0.37822082 0.62745634 0.59114389 0.46833708 0.39118909 0.52314080 0.98151169 0.14679445 0.49111677 0.33712281 0.27235918 0.38459383 0.46833708 0.39118909 0.52314080 0.85613033 0.28677669 0.55743267
0.45334172 0.26563854 0.56158438 0.00426074 0.00423273 0.00318012 0.00126063 0.00255471 0.00186240 0.44485044 0.46724406 0.51141585 0.32211266 0.89704929 0.77154369 0.52615860 0.48507917 0.51319735 0.44485044 0.46724406 0.51141585 0.74475442 0.43679837 0.57869722
0.54754444 0.24384926 0.54382967 0.02463515 0.03831960 0.01521202 0.00849658 0.03321201 0.06552865 0.40599694 0.32406912 0.65784451 0.76285833 0.63271984 0.77732106 0.54362112 0.43855347 0.52609731 0.40599694 0.32406912 0.65784451 0.75287485 0.47489411 0.51640446
0.66613845 0.49773038 0.60791629 0.61787981 0.73497051 0.59552038 0.77834074 0.56809501 0.53703358 0.79958452 0.34407741 0.42441839 0.97386535 0.10531175 0.48882520 0.71263589 0.24948155 0.40162398 0.79958452 0.34407741 0.42441839 0.26605616 0.81371552 0.60032891
0.46112999 0.26032138 0.55711276 0.00487469 0.01364696 0.01139463 0.00445394 0.00957713 0.00569713 0.44375394 0.46294517 0.51010260 0.96063969 0.20373245 0.65554215 0.52565211 0.48831623 0.51152583 0.44375394 0.46294517 0.51010260 0.74311676 0.43418653 0.58075117
0.46774293 0.24634997 0.56693559 0.03284896 0.01965938 0.03923359 0.02758278 0.03998830 0.00961255 0.43642753 0.46131162 0.51077299 0.26016779 0.55789242 0.97562127 0.53105768 0.46888352 0.52308275 0.43642753 0.46131162 0.51077299 0.73071975 0.45321748 0.58762406
0.44607021 0.22085724 0.53121271 0.01361913 0.02367304 0.01935490 0.02178433 0.01622920 0.01892664 0.45221779 0.45598698 0.50736003 0.99221561 0.24461981 0.42308485 0.51704888 0.50375620 0.51630196 0.45221779 0.45598698 0.50736003 0.72927492 0.43533962 0.58336961
0.23223391 0.15777547 0.62018541 0.03985363 0.08223584 0.03643101 0.02865224 0.04335952 0.12058457 0.47076077 0.20867328 0.72939847 0.30811017 0.68792268 0.92948646 0.51962044 0.57553640 0.52714817 0.47076077 0.20867328 0.72939847 0.73431832 0.47605605 0.47142829
0.45385756 0.30354586 0.59012475 0.02529972 0.07181199 0.04502616 0.03985302 0.05069984 0.06144041 0.43676249 0.46652030 0.51872405 0.98115142 0.13658441 0.55882322 0.52672058 0.47383782 0.51111398 0.43676249 0.46652030 0.51872405 0.73378423 0.44238128 0.58973219
0.44903101 0.26855145 0.56460320 0.00108986 0.00428872 0.00589972 0.00295178 0.00176111 0.00118194 0.44838441 0.47125709 0.50942120 0.98320821 0.18899967 0.41547613 0.52635342 0.48611292 0.51216835 0.44838441 0.47125709 0.50942120 0.74121332 0.43679559 0.58143336
0.42727473 0.26353085 0.53037786 0.00740778 0.03080014 0.03433425 0.00779289 0.02551776 0.03431876 0.45852118 0.45306189 0.52958944 0.95494085 0.29869472 0.32578114 0.52443501 0.46555272 0.50441136 0.45852118 0.45306189 0.52958944 0.75174967 0.43489817 0.57842801
0.45916507 0.26746125 0.55885556 0.00326746 0.01228421 0.00189208 0.00797416 0.00961621 0.01235577 0.44629248 0.46723258 0.51069137 0.95959723 0.20284276 0.65800584 0.52240697 0.49234501 0.51703476 0.44629248 0.46723258 0.51069137 0.74734208 0.43459545 0.58132445
0.45825570 0.26731391 0.56219729 0.00528758 0.00970094 0.00363254 0.00654310 0.00380424 0.00462587 0.44385359 0.46932421 0.51068253 0.33197200 0.81004973 0.85292203 0.51900552 0.50349015 0.52585180 0.44385359 0.46932421 0.51068253 0.73581451 0.43979942 0.57665798
0.43906713 0.26186771 0.54926053 0.00377251 0.01480214 0.00958233 0.00499762 0.00372243 0.00656495 0.44181499 0.46019792 0.51582963 0.94246728 0.17586354 0.32115799 0.52125664 0.46433764 0.50738856 0.44181499 0.46019792 0.51582963 0.74309193 0.44106177 0.57964619
0.47574806 0.26400403 0.55465938 0.01374357 0.04108237 0.02612017 0.00928713 0.03511268 0.04502122 0.45471991 0.33817149 0.58634697 0.91987316 0.48683241 0.67973230 0.51643726 0.53051648 0.54012105 0.45471991 0.33817149 0.58634697 0.73901769 0.47088746 0.54433254
0.44636067 0.26784170 0.54616556 0.00397871 0.00869883 0.01703567 0.00536927 0.00437335 0.00432298 0.43418477 0.45379907 0.50541632 0.98502151 0.19149379 0.42279853 0.52402913 0.49765985 0.53444447 0.43418477 0.45379907 0.50541632 0.74925981 0.43638162 0.57530202
0.45039545 0.27137228 0.55773974 0.00872842 0.00846971 0.00872615 0.00279683 0.00512849 0.00625828 0.44688784 0.46399967 0.50931401 0.39217032 0.90517989 0.72826329 0.52450879 0.49402171 0.50805417 0.44688784 0.46399967 0.50931401 0.74596848 0.43680427 0.57909512
0.45326334 0.26702368 0.56421403 0.00711476 0.00869119 0.00000000 0.00160126 0.00423521 0.00463465 0.44571476 0.47414392 0.50575590 0.19738079 0.70462241 0.92459211 0.52418624 0.49041164 0.51042920 0.44571476 0.47414392 0.50575590 0.74701088 0.43515379 0.58458456
0.58888309 0.23679135 0.48717566 0.61177174 0.57313244 0.72975085 0.27434566 0.74968950 0.64419456 0.48293614 0.50840586 0.47797896 0.89282087 0.12478187 0.26668580 0.30852495 0.16809175 0.53834601 0.48293614 0.50840586 0.47797896 0.66816934 0.89964470 0.54311779
0.49491606 0.35070088 0.59491273 0.91894836 0.68742295 0.62161072 0.63858314 0.61132767 0.82338188 0.34405465 0.60290125 0.48633235 0.97260397 0.14292123 0.47854135 0.46831532 0.25770536 0.62147194 0.34405465 0.60290125 0.48633235 0.54030522 0.54191545 0.61136996
0.48803668 0.34122974 0.58234153 0.01505344 0.04688747 0.02445598 0.03007135 0.01984409 0.04795333 0.43732191 0.47189818 0.50777316 0.97318664 0.17611219 0.37799842 0.51146803 0.47168098 0.50480321 0.43732191 0.47189818 0.50777316 0.73569550 0.44580608 0.59508918
0.43693262 0.27244938 0.57203995 0.02830021 0.02329523 0.01981435 0.01544543 0.01182524 0.05202650 0.43683075 0.48698176 0.49072716 0.44468088 0.91678762 0.31103083 0.49075596 0.52366688 0.53078178 0.43683075 0.48698176 0.49072716 0.74116197 0.43539944 0.59392517
0.47123425 0.26796683 0.56359757 0.00538109 0.00635163 0.00588855 0.00204539 0.00333214 0.00214809 0.44591873 0.46963769 0.51067354 0.33578334 0.80973445 0.85282620 0.52121191 0.48225066 0.51240069 0.44591873 0.46963769 0.51067354 0.74421829 0.43913044 0.58142997
0.32200463 0.28052290 0.61903084 0.76086862 0.58670722 0.57463532 0.48674230 0.72849819 0.72951454 0.40268480 0.58179100 0.51694035 0.99206751 0.23047472 0.51080354 0.15084090 0.30288608 0.59726427 0.40268480 0.58179100 0.51694035 0.62883508 0.14831644 0.67803308
0.45353230 0.26383538 0.56485412 0.00184752 0.00875473 0.00755975 0.00666288 0.00500938 0.01018121 0.44293297 0.47035897 0.50912649 0.99311413 0.20990387 0.54701529 0.52383135 0.48205380 0.51083994 0.44293297 0.47035897 0.50912649 0.74324146 0.43673708 0.57835623
0.41833347 0.27145727 0.56164671 0.02753765 0.02453862 0.01498439 0.01290612 0.02304720 0.02083317 0.44591727 0.46392086 0.51214736 0.36635119 0.82305163 0.83749055 0.53178676 0.49233196 0.51747267 0.44591727 0.46392086 0.51214736 0.74025561 0.43579292 0.57697067
0.47078351 0.25284269 0.50316007 0.00246112 0.02246990 0.02844322 0.00281397 0.01455112 0.04141493 0.42246783 0.42230501 0.61663078 0.99234526 0.38136174 0.52820402 0.52400952 0.45722021 0.53972293 0.42246783 0.42230501 0.61663078 0.74226381 0.45531613 0.54074792
0.54170430 0.27415747 0.56146530 0.67545571 0.62325902 0.52292545 0.28249812 0.40256745 0.55029220 0.43008496 0.49893513 0.53241049 0.96963047 0.17009408 0.38467330 0.41801910 0.62007255 0.27494532 0.43008496 0.49893513 0.53241049 0.76426127 0.52329664 0.59301978
0.33424927 0.18915783 0.50582235 0.50301119 0.41480564 0.52881477 0.26189221 0.27396840 0.45594759 0.73838500 0.57605835 0.44529522 0.98268706 0.38732829 0.42202226 0.59564268 0.27159337 0.61257175 0.73838500 0.57605835 0.44529522 0.59322848 0.43924815 0.41213084
0.45655452 0.26290969 0.56575305 0.00356581 0.00526392 0.00629403 0.00274855 0.00255911 0.00298718 0.44155616 0.46757592 0.50800968 0.34797087 0.89173963 0.75972523 0.52025898 0.49282918 0.51789668 0.44155616 0.46757592 0.50800968 0.74560472 0.43997102 0.58535680
0.45335195 0.27030153 0.57120190 0.00087392 0.00000000 0.00340375 0.00217950 0.00340632 0.00222820 0.44530443 0.46664102 0.51148437 0.99696766 0.30351686 0.45342433 0.52455287 0.49033120 0.51611683 0.44530443 0.46664102 0.51148437 0.74621223 0.43473046 0.57959413
0.45693174 0.25309760 0.56110271 0.00220156 0.01058288 0.00419530 0.00511500 0.00363758 0.00833445 0.44556283 0.46945187 0.51162508 0.95501512 0.23137466 0.67307440 0.52644570 0.49478033 0.51763540 0.44556283 0.46945187 0.51162508 0.74260069 0.43954818 0.57142502
0.45256810 0.26237129 0.57434403 0.01574813 0.01183398 0.01427933 0.00476320 0.01207328 0.00390754 0.44195480 0.48109102 0.51272356 0.42447765 0.74894657 0.87795463 0.51473813 0.47464241 0.52590677 0.44195480 0.48109102 0.51272356 0.74588453 0.43959202 0.58260667
0.51410193 0.26595280 0.55267252 0.46788626 0.47795700 0.32092680 0.23455822 0.26343460 0.44442384 0.43440847 0.48521581 0.49266855 0.97725349 0.17121515 0.59227595 0.25542871 0.68967955 0.50221741 0.43440847 0.48521581 0.49266855 0.60082599 0.54491545 0.52984400
0.46923858 0.24019962 0.59363216 0.00483446 0.01313282 0.01220024 0.00851291 0.00636360 0.00895286 0.43840626 0.46481619 0.51113451 0.98250721 0.36908751 0.41268112 0.52652977 0.49719063 0.52109533 0.43840626 0.46481619 0.51113451 0.75045981 0.43739013 0.56911083
0.44165959 0.25426073 0.53730643 0.00236479 0.00930886 0.00780791 0.00361773 0.00659984 0.00351561 0.44381378 0.46326415 0.51488580 0.98004777 0.19211047 0.39120609 0.52354200 0.48733496 0.51935879 0.44381378 0.46326415 0.51488580 0.74787732 0.44128990 0.57843836
0.45027719 0.23968436 0.62714321 0.03412078 0.03041260 0.03205970 0.03775040 0.02839297 0.04574599 0.51238114 0.47597089 0.54410125 0.39864055 0.91465632 0.71108558 0.52020406 0.48240619 0.49676959 0.51238114 0.47597089 0.54410125 0.72347779 0.42395642 0.54904127
0.44096731 0.26617215 0.56687272 0.00835282 0.01730808 0.01223234 0.00975307 0.00717178 0.00308467 0.44753286 0.46761663 0.50948068 0.44410780 0.60566412 0.94032956 0.52638078 0.50145766 0.50899328 0.44753286 0.46761663 0.50948068 0.74447631 0.43697685 0.57860265
0.49175189 0.27040539 0.56504800 0.01520143 0.00799160 0.01110378 0.00786109 0.01740937 0.00422421 0.44514243 0.46788241 0.51094654 0.29495665 0.64136309 0.95080936 0.51979215 0.48505282 0.52316953 0.44514243 0.46788241 0.51094654 0.74455998 0.44000501 0.57686091
0.47275805 0.26108289 0.56375832 0.03957530 0.04663604 0.03758132 0.03083264 0.05200388 0.02610484 0.44586287 0.45211918 0.51403872 0.44895434 0.63258102 0.92274296 0.53272701 0.48679029 0.50896936 0.44586287 0.45211918 0.51403872 0.75534123 0.42253736 0.57420398
0.47424726 0.27683710 0.58415550 0.00863116 0.01684295 0.02220291 0.01431989 0.01384881 0.01367931 0.44430162 0.47353126 0.50945171 0.93000525 0.19365570 0.29671570 0.53611477 0.48375862 0.54178665 0.44430162 0.47353126 0.50945171 0.75377948 0.43034962 0.57433656
0.45574030 0.26589218 0.56009517 0.00422503 0.00993078 0.00745808 0.00584106 0.00555957 0.03167378 0.43989407 0.49369269 0.50400863 0.96218733 0.43962769 0.62151788 0.52291122 0.48558095 0.52837282 0.43989407 0.49369269 0.50400863 0.75255596 0.43311036 0.60865655
0.45639364 0.26528199 0.56184777 0.00187465 0.00664213 0.00365580 0.00082145 0.00297271 0.00268786 0.44631387 0.46162931 0.51288246 0.95111229 0.29359177 0.31846847 0.52363449 0.48288710 0.52412090 0.44631387 0.46162931 0.51288246 0.74548331 0.43869356 0.57891217
0.44350576 0.39457870 0.56544968 0.53501757 0.52528768 0.28720601 0.24760012 0.29218331 0.48020447 0.43289912 0.49556971 0.54066407 0.98107953 0.17432010 0.58762386 0.57022423 0.49541544 0.56613876 0.43289912 0.49556971 0.54066407 0.65800374 0.44320525 0.50003615
0.43113255 0.15057328 0.60333912 0.02095297 0.05654336 0.03969894 0.02339638 0.03174216 0.05533515 0.42848206 0.48649982 0.54064957 0.98266644 0.29509352 0.61433167 0.53124708 0.47141129 0.52526124 0.42848206 0.48649982 0.54064957 0.76109773 0.43123617 0.57756901
0.46653394 0.29205572 0.56322265 0.00643410 0.00789681 0.00310987 0.01297618 0.00458389 0.00602617 0.45089498 0.46835426 0.50809152 0.09149525 0.29115799 0.99865935 0.51525176 0.48444923 0.51741763 0.45089498 0.46835426 0.50809152 0.73338308 0.43938837 0.57287657
0.48820965 0.31057745 0.56409891 0.00877727 0.01440663 0.00719600 0.01313689 0.01259983 0.01588371 0.43588554 0.46777821 0.50809988 0.94199540 0.07060625 0.38227988 0.51647004 0.48252274 0.50969031 0.43588554 0.46777821 0.50809988 0.75426752 0.43758788 0.58145681
0.48359989 0.26419814 0.56544753 0.01691699 0.00788563 0.00599929 0.00699391 0.01936648 0.00246857 0.43980397 0.46611093 0.50558705 0.26755805 0.60427080 0.96648851 0.53752407 0.49083662 0.51602321 0.43980397 0.46611093 0.50558705 0.74874904 0.43440890 0.58383433
0.47119421 0.24288887 0.55078073 0.00764536 0.02247095 0.01237529 0.02013263 0.01398803 0.02925228 0.46279108 0.44711893 0.55958931 0.96639134 0.45529887 0.58506286 0.51794112 0.50893805 0.50899858 0.46279108 0.44711893 0.55958931 0.72792663 0.44264750 0.56291288
0.45353354 0.26312557 0.55403692 0.01393504 0.01387334 0.01391395 0.01120796 0.01013173 0.02609586 0.44755835 0.45647670 0.51040752 0.44685294 0.91855306 0.31695275 0.53505612 0.47518695 0.50781354 0.44755835 0.45647670 0.51040752 0.74135065 0.43343528 0.56792305
0.41229884 0.27242520 0.56112931 0.00973037 0.00660866 0.00357014 0.00138175 0.00887643 0.04549331 0.45150615 0.45577493 0.55748375 0.26893173 0.84512151 0.83040232 0.53232539 0.47933100 0.51686245 0.45150615 0.45577493 0.55748375 0.74217791 0.44691365 0.53980952
0.44297155 0.25292531 0.58538553 0.68473174 0.61672016 0.62477438 0.41473201 0.44670117 0.54469278 0.38085867 0.50557654 0.53938273 0.93806607 0.06288579 0.38292239 0.55579644 0.63737090 0.86097378 0.38085867 0.50557654 0.53938273 0.79310957 0.35027981 0.77864399
0.45175160 0.26154626 0.57099483 0.00460174 0.01412348 0.00974632 0.00560891 0.00658203 0.00976259 0.44949485 0.47466119 0.50798904 0.99790741 0.25740726 0.53449156 0.52185752 0.49420666 0.52353179 0.44949485 0.47466119 0.50798904 0.74045759 0.43424314 0.58055293
0.44318592 0.34025115 0.49649119 0.56164318 0.55814392 0.29978233 0.25227924 0.33208550 0.49711732 0.50023818 0.42642891 0.54606912 0.97852700 0.16686311 0.59061788 0.57068574 0.64447975 0.57913619 0.50023818 0.42642891 0.54606912 0.70066554 0.67956008 0.60893772
0.47758972 0.25534217 0.57809388 0.00715707 0.00761086 0.01004697 0.00397909 0.00598713 0.00490728 0.44548453 0.46285285 0.51578006 0.25906737 0.85420461 0.82294776 0.52949188 0.49558486 0.50881718 0.44548453 0.46285285 0.51578006 0.74618379 0.43491852 0.58028899
0.45432300 0.27244949 0.58994588 0.00289240 0.00907838 0.01645778 0.00291789 0.00836646 0.00837663 0.43256807 0.40500104 0.53536536 0.99379261 0.35809216 0.52845982 0.52325525 0.48803912 0.49802879 0.43256807 0.40500104 0.53536536 0.74568834 0.43749007 0.57000444
0.45711667 0.26806863 0.56511024 0.01134380 0.00606546 0.00977717 0.00664659 0.01503486 0.00541817 0.44715576 0.46265579 0.48727872 0.15147357 0.83657108 0.83863097 0.53243693 0.48346885 0.51550928 0.44715576 0.46265579 0.48727872 0.74322921 0.44716296 0.58400548
0.45456520 0.27167037 0.55787722 0.00455415 0.00566953 0.00870887 0.00058047 0.00368012 0.00716094 0.44565893 0.47600685 0.50004850 0.88628456 0.61526679 0.60981726 0.52613673 0.48846937 0.52148843 0.44565893 0.47600685 0.50004850 0.74437080 0.43911802 0.57946727
0.46173897 0.22182627 0.57175845 0.00140802 0.02015203 0.00305513 0.01931412 0.00588376 0.02218730 0.46057134 0.46130077 0.51928851 0.11475858 0.19314219 0.00000000 0.52258772 0.51056884 0.51804256 0.46057134 0.46130077 0.51928851 0.73135155 0.44489735 0.60193591
0.46249852 0.27945685 0.56952994 0.00144218 0.00444358 0.00354285 0.00297784 0.00348330 0.00505319 0.44226611 0.47047536 0.51040245 0.97163021 0.09141895 0.55065514 0.52146706 0.49182183 0.51471231 0.44226611 0.47047536 0.51040245 0.74271764 0.43166006 0.57867192
0.38509765 0.20987135 0.49569711 0.64949075 0.60379097 0.54190096 0.31572976 0.21879426 0.53945280 0.46803696 0.50999171 0.51404389 0.99493134 0.21147073 0.48663125 0.14773299 0.62101402 0.53317453 0.46803696 0.50999171 0.51404389 0.84811904 0.33679075 0.32790605
0.44921129 0.24621698 0.54429839 0.00594167 0.02056248 0.02337063 0.00870255 0.01189882 0.03245532 0.45019612 0.55974682 0.44453563 0.97339748 0.08601811 0.48488700 0.51909666 0.46664623 0.48798636 0.45019612 0.55974682 0.44453563 0.73961726 0.42261337 0.60944392
0.43855829 0.26820941 0.56428350 0.01413044 0.02649626 0.01659837 0.01835691 0.02673753 0.03062672 0.44889862 0.46591145 0.50340126 0.24586510 0.99124060 0.58122724 0.52155958 0.48513715 0.49539289 0.44889862 0.46591145 0.50340126 0.75301291 0.43288294 0.57471981
0.58864148 0.31995709 0.54177761 0.69953030 0.52145703 0.57291885 0.34306783 0.41633115 0.65261234 0.41521956 0.45781259 0.48605585 0.97968529 0.16194667 0.43056183 0.60306820 0.17640630 0.33996344 0.41521956 0.45781259 0.48605585 0.63046323 0.51274569 0.31451122
0.46051175 0.26772136 0.57077065 0.00410693 0.00924333 0.00995116 0.00215951 0.00581065 0.00901788 0.44419607 0.46470738 0.51401343 0.96331337 0.43847153 0.61871802 0.51866348 0.48987736 0.50162666 0.44419607 0.46470738 0.51401343 0.74471246 0.43778399 0.57447371
0.44896633 0.31823110 0.52130907 0.02906281 0.11778071 0.03050175 0.04072778 0.04200819 0.05868194 0.15978420 0.69821153 0.40426679 0.96965128 0.29480134 0.35773056 0.53861370 0.36756233 0.49040204 0.15978420 0.69821153 0.40426679 0.77695034 0.42484677 0.63132220
0.37280152 0.36018430 0.57194339 0.57816165 0.52229266 0.49408033 0.43765193 0.32709597 0.48440200 0.65950472 0.40816216 0.46035662 0.99111445 0.19631176 0.54687993 0.55604555 0.21066555 0.46960325 0.65950472 0.40816216 0.46035662 0.89510296 0.40962394 0.59836536
0.45828697 0.27795452 0.56294240 0.00444283 0.01347452 0.00612067 0.00867896 0.00592535 0.00699283 0.44412212 0.43101195 0.51221414 0.99155529 0.21953006 0.56607951 0.52718367 0.47797016 0.51174581 0.44412212 0.43101195 0.51221414 0.74945951 0.44573673 0.57525965
0.41614014 0.29131393 0.62922718 0.68567956 0.49914567 0.69620503 0.27899818 0.33355029 0.47636041 0.47228523 0.48875844 0.47904646 0.98755697 0.38198205 0.42261461 0.78650555 0.69431400 0.15995511 0.47228523 0.48875844 0.47904646 0.68716906 0.41447600 0.60024165
0.42989101 0.31810926 0.55976524 0.82949892 0.69476922 0.64337499 0.37271316 0.47725329 0.44584086 0.41970807 0.48440863 0.54083601 0.99474040 0.23585243 0.53360069 0.69374810 0.79882315 0.62398491 0.41970807 0.48440863 0.54083601 0.58551337 0.42732748 0.56845067
0.00000000 0.21778057 0.62462086 0.34106957 0.09107833 0.04166582 0.03710086 0.05095057 0.13161428 0.61773172 0.34239059 0.91577570 0.16016909 0.89424746 0.78050855 0.80622377 0.39933681 0.47773646 0.61773172 0.34239059 0.91577570 0.71841721 0.42525120 0.46933461
0.41917991 0.26890910 0.54770532 0.00838705 0.00754312 0.02119106 0.01713851 0.01772055 0.02313029 0.45190087 0.52142572 0.54186959 0.41641500 0.92803906 0.31750519 0.52875614 0.49087158 0.53227389 0.45190087 0.52142572 0.54186959 0.72867817 0.41834331 0.55722459
0.47698386 0.25252914 0.51168457 0.00703314 0.01857355 0.03101993 0.00631935 0.02004991 0.01925293 0.44409468 0.44541628 0.51214023 0.98791172 0.29772391 0.59544792 0.52581125 0.49138655 0.50012623 0.44409468 0.44541628 0.51214023 0.74506894 0.44242045 0.57653380
0.45420844 0.21727470 0.51480945 0.01319030 0.06250313 0.06184017 0.07967799 0.03528943 0.03561557 0.38757669 0.46554236 0.52232195 0.99066311 0.36307423 0.44662436 0.53629641 0.46260904 0.55849357 0.38757669 0.46554236 0.52232195 0.70030735 0.46896579 0.57120373
0.45668687 0.26695166 0.56283159 0.00944017 0.00916325 0.00303373 0.00268784 0.00552347 0.00143805 0.44442266 0.46687944 0.51185662 0.20893061 0.68049835 0.93793672 0.52624914 0.48786459 0.51172800 0.44442266 0.46687944 0.51185662 0.74400106 0.43806225 0.58031038
0.45696351 0.26272041 0.53903429 0.05202668 0.05493538 0.07385832 0.00957959 0.01504419 0.01914240 0.45775692 0.50125795 0.49024319 0.96429338 0.17391375 0.36961696 0.47928644 0.41829745 0.44842270 0.45775692 0.50125795 0.49024319 0.74257150 0.42224566 0.59686812
0.53237915 0.24917910 0.53566291 0.42612635 0.51214284 0.44697346 0.46458112 0.26829457 0.47273088 0.54817376 0.45180292 0.53349246 0.95970118 0.24290967 0.65291763 0.45393805 0.50325565 0.60350262 0.54817376 0.45180292 0.53349246 0.67894639 0.51476048 0.81511121
0.45157665 0.26989561 0.57029020 0.00454579 0.00591528 0.01649487 0.01028012 0.00681463 0.01608258 0.44229727 0.47553839 0.52071606 0.98101056 0.38284596 0.59632459 0.52790390 0.48520578 0.51604031 0.44229727 0.47553839 0.52071606 0.75668875 0.43019095 0.59440456
0.02161485 0.55572797 0.44704363 0.30581907 0.39396345 0.13989343 0.09705876 0.16248489 0.14975131 0.47227682 0.00000000 0.83632792 0.43423948 0.79849515 0.82932752 0.77690570 0.04138498 0.55853940 0.47227682 0.00000000 0.83632792 0.72401110 0.51796873 0.48687860
0.44069306 0.26370694 0.57308301 0.00354213 0.00458448 0.00648309 0.00161971 0.00609516 0.00265582 0.44512156 0.46582259 0.51234846 0.33428478 0.94229884 0.71021798 0.52578113 0.48546095 0.52388149 0.44512156 0.46582259 0.51234846 0.74847059 0.43436727 0.58001926
